  -1.4979747e+00  -3.8699015e-01  -1.0551336e-01
  -1.4179747e+00  -3.4699015e-01  -1.0551336e-01
  -1.3879747e+00  -2.4699015e-01  -1.1551336e-01
  -1.3679747e+00  -2.9699015e-01  -1.1551336e-01
  -1.2879747e+00  -3.8699015e-01  -1.0551336e-01
  -1.2379747e+00  -4.0699015e-01  -1.0551336e-01
  -1.1379747e+00  -5.9699015e-01  -8.5513361e-02
  -1.0779747e+00  -6.8699015e-01  -8.5513361e-02
  -1.0379747e+00  -7.4699015e-01  -7.5513361e-02
  -9.9797468e-01  -7.3699015e-01  -7.5513361e-02
  -1.5379747e+00  -2.6699015e-01  -2.5513361e-02
  -9.5797468e-01  -8.0699015e-01  -7.5513361e-02
  -1.4879747e+00  -2.9699015e-01  -2.5513361e-02
  -9.3797468e-01  -8.4699015e-01  -6.5513361e-02
  -1.4679747e+00  -3.4699015e-01  -1.5513361e-02
  -8.8797468e-01  -8.5699015e-01  -7.5513361e-02
  -1.4179747e+00  -2.6699015e-01  -2.5513361e-02
  -8.4797468e-01  -8.9699015e-01  -6.5513361e-02
  -1.3779747e+00  -3.6699015e-01  -1.5513361e-02
  -8.2797468e-01  -9.0699015e-01  -6.5513361e-02
  -1.3579747e+00  -4.3699015e-01  -1.5513361e-02
  -1.4279747e+00  -4.6990155e-02  -6.1551336e-01
  -7.6797468e-01  -9.4699015e-01  -6.5513361e-02
  -1.2879747e+00  -4.5699015e-01  -1.5513361e-02
  -1.4079747e+00  -1.0699015e-01  -6.0551336e-01
  -7.3797468e-01  -9.3699015e-01  -6.5513361e-02
  -1.2679747e+00  -4.8699015e-01  -5.5133615e-03
  -1.3879747e+00  -1.1699015e-01  -6.0551336e-01
  -7.3797468e-01   7.7300985e-01   3.4448664e-01
  -7.1797468e-01  -9.6699015e-01  -6.5513361e-02
  -1.2479747e+00  -5.1699015e-01  -5.5133615e-03
  -1.3179747e+00  -1.4699015e-01  -6.0551336e-01
  -6.5797468e-01   8.1300985e-01   3.4448664e-01
  -6.5797468e-01  -9.7699015e-01  -6.5513361e-02
  -1.1879747e+00  -5.6699015e-01  -5.5133615e-03
  -1.2879747e+00  -9.6990155e-02  -6.0551336e-01
  -6.2797468e-01   8.2300985e-01   3.4448664e-01
  -6.3797468e-01  -1.0069902e+00  -6.5513361e-02
  -1.1679747e+00  -5.7699015e-01  -5.5133615e-03
  -1.2579747e+00  -3.6990155e-02  -6.1551336e-01
  -6.1797468e-01  -1.0469902e+00  -5.5513361e-02
  -1.1379747e+00  -5.1699015e-01  -5.5133615e-03
  -5.5797468e-01  -1.0869902e+00  -5.5513361e-02
  -1.0679747e+00  -5.6699015e-01  -5.5133615e-03
  -5.1797468e-01  -9.5699015e-01  -6.5513361e-02
  -1.0479747e+00  -5.8699015e-01  -5.5133615e-03
  -4.6797468e-01  -8.0699015e-01  -8.5513361e-02
  -1.0279747e+00  -5.8699015e-01  -5.5133615e-03
  -2.8797468e-01   1.5330098e+00   2.9448664e-01
  -4.0797468e-01  -8.6699015e-01  -7.5513361e-02
  -9.5797468e-01  -6.3699015e-01  -5.5133615e-03
  -2.6797468e-01   1.5230098e+00   2.9448664e-01
  -4.0797468e-01  -9.9699015e-01  -6.5513361e-02
  -9.4797468e-01  -7.1699015e-01   4.4866385e-03
  -2.3797468e-01   1.5430098e+00   2.9448664e-01
  -3.8797468e-01  -1.0169902e+00  -6.5513361e-02
  -9.1797468e-01  -6.8699015e-01   4.4866385e-03
  -1.2879747e+00  -3.9699015e-01   8.4486639e-02
  -2.9797468e-01  -9.1699015e-01  -7.5513361e-02
  -8.3797468e-01  -5.8699015e-01  -5.5133615e-03
  -1.2179747e+00  -4.1699015e-01   8.4486639e-02
  -2.8797468e-01  -9.5699015e-01  -7.5513361e-02
  -8.2797468e-01  -7.2699015e-01   4.4866385e-03
  -1.1979747e+00  -4.0699015e-01   8.4486639e-02
  -1.5179747e+00  -3.7699015e-01  -4.7551336e-01
  -2.3797468e-01  -9.4699015e-01  -7.5513361e-02
  -7.8797468e-01  -7.3699015e-01   4.4866385e-03
  -1.1479747e+00  -3.6699015e-01   7.4486639e-02
  -1.4779747e+00  -4.3699015e-01  -4.7551336e-01
  -1.9797468e-01  -9.7699015e-01  -7.5513361e-02
  -7.3797468e-01  -7.5699015e-01   4.4866385e-03
  -1.4479747e+00  -4.7699015e-01  -4.6551336e-01
  -7.2797468e-01  -7.9699015e-01   4.4866385e-03
  -1.0879747e+00  -4.8699015e-01   8.4486639e-02
  -1.4079747e+00  -5.0699015e-01  -4.6551336e-01
   5.2025316e-02   1.5130098e+00   2.9448664e-01
  -6.8797468e-01  -8.5699015e-01   1.4486639e-02
  -1.3679747e+00  -5.8699015e-01  -4.5551336e-01
  -5.6797468e-01   8.9300985e-01   4.3448664e-01
  -6.4797468e-01  -9.3699015e-01   2.4486639e-02
  -1.3479747e+00  -6.0699015e-01  -4.5551336e-01
  -5.3797468e-01   9.1300985e-01   4.3448664e-01
  -6.3797468e-01  -9.6699015e-01   2.4486639e-02
  -1.2979747e+00  -6.2699015e-01  -4.5551336e-01
  -5.2797468e-01   6.0300985e-01   4.4448664e-01
  -5.8797468e-01  -9.6699015e-01   2.4486639e-02
  -9.3797468e-01  -6.3699015e-01   9.4486639e-02
  -1.2579747e+00  -6.8699015e-01  -4.4551336e-01
  -1.2179747e+00  -7.2699015e-01  -4.4551336e-01
   1.0202532e-01  -8.9699015e-01  -8.5513361e-02
  -5.0797468e-01  -1.0169902e+00   2.4486639e-02
  -6.2797468e-01  -8.6699015e-01  -5.2551336e-01
  -1.1979747e+00  -7.3699015e-01  -4.3551336e-01
  -2.6797468e-01   1.5330098e+00   3.9448664e-01
   1.4202532e-01  -7.9699015e-01  -9.5513361e-02
  -4.7797468e-01  -9.8699015e-01   2.4486639e-02
  -8.2797468e-01  -6.8699015e-01   1.0448664e-01
  -5.6797468e-01  -7.9699015e-01  -5.3551336e-01
  -1.1579747e+00  -7.8699015e-01  -4.3551336e-01
  -2.0797468e-01   1.5230098e+00   3.9448664e-01
  -4.3797468e-01  -1.0169902e+00   2.4486639e-02
  -7.8797468e-01  -6.9699015e-01   1.0448664e-01
  -5.2797468e-01  -8.4699015e-01  -5.3551336e-01
  -1.1179747e+00  -8.2699015e-01  -4.3551336e-01
  -1.5797468e-01   1.5530098e+00   3.9448664e-01
  -3.8797468e-01  -1.0169902e+00   2.4486639e-02
  -7.4797468e-01  -7.7699015e-01   1.0448664e-01
  -1.0879747e+00  -8.2699015e-01  -4.3551336e-01
  -1.1797468e-01   1.5730098e+00   3.9448664e-01
   3.2202532e-01  -4.9699015e-01  -1.2551336e-01
  -3.3797468e-01  -8.5699015e-01   4.4866385e-03
  -7.2797468e-01  -7.9699015e-01   1.0448664e-01
  -1.0279747e+00  -8.4699015e-01  -4.2551336e-01
  -1.5279747e+00  -2.8699015e-01  -3.9551336e-01
   3.8202532e-01  -5.6699015e-01  -1.1551336e-01
  -2.6797468e-01  -8.5699015e-01   4.4866385e-03
  -6.5797468e-01  -7.6699015e-01   1.0448664e-01
  -1.2479747e+00  -6.9901547e-03   1.2448664e-01
  -4.4797468e-01  -1.0269902e+00  -5.1551336e-01
  -9.9797468e-01  -8.5699015e-01  -4.2551336e-01
  -1.5079747e+00  -2.6699015e-01  -3.9551336e-01
  -4.1797468e-01  -8.9699015e-01   5.2448664e-01
   3.4202532e-01  -8.6699015e-01  -9.5513361e-02
  -2.3797468e-01  -8.1699015e-01   4.4866385e-03
  -6.2797468e-01  -7.7699015e-01   1.0448664e-01
  -1.2179747e+00  -2.6990155e-02   1.2448664e-01
  -4.1797468e-01  -1.0169902e+00  -5.1551336e-01
  -9.7797468e-01  -8.7699015e-01  -4.2551336e-01
  -1.4879747e+00  -3.4699015e-01  -3.8551336e-01
   4.5202532e-01   7.4300985e-01   3.3448664e-01
   2.0253165e-03   1.4930098e+00   3.9448664e-01
   4.9202532e-01  -2.5699015e-01  -1.5551336e-01
  -6.0797468e-01  -7.5699015e-01   1.0448664e-01
  -1.1979747e+00  -6.9901547e-03   1.2448664e-01
  -3.5797468e-01  -1.0769902e+00  -5.0551336e-01
  -9.1797468e-01  -8.9699015e-01  -4.2551336e-01
   5.3202532e-01   7.4300985e-01   3.3448664e-01
   7.2025316e-02   1.4730098e+00   3.9448664e-01
   5.9202532e-01  -1.2699015e-01  -1.6551336e-01
  -5.3797468e-01  -7.9699015e-01   1.0448664e-01
  -1.1279747e+00  -8.6990155e-02   1.2448664e-01
  -3.3797468e-01  -1.0969902e+00  -5.0551336e-01
  -8.8797468e-01  -8.7699015e-01  -4.2551336e-01
   5.5202532e-01   7.4300985e-01   3.3448664e-01
   1.0202532e-01   1.4530098e+00   3.9448664e-01
   6.3202532e-01  -5.6990155e-02  -1.7551336e-01
  -5.1797468e-01  -8.1699015e-01   1.0448664e-01
  -1.1079747e+00  -1.3699015e-01   1.2448664e-01
  -3.1797468e-01  -1.0969902e+00  -5.0551336e-01
  -8.6797468e-01  -9.0699015e-01  -4.2551336e-01
  -1.3779747e+00  -4.6699015e-01  -3.7551336e-01
   1.2202532e-01   1.4430098e+00   3.9448664e-01
   6.8202532e-01   2.3009845e-02  -1.8551336e-01
  -1.2797468e-01  -1.0069902e+00   1.4486639e-02
  -4.9797468e-01  -8.4699015e-01   1.0448664e-01
  -1.0979747e+00  -2.2699015e-01   1.3448664e-01
  -2.4797468e-01  -1.0869902e+00  -5.0551336e-01
  -8.0797468e-01  -9.1699015e-01  -4.2551336e-01
  -1.3179747e+00  -5.3699015e-01  -3.6551336e-01
   5.2202532e-01   7.3009845e-02   3.6448664e-01
   2.0202532e-01   1.4230098e+00   3.9448664e-01
   7.8202532e-01   1.4300985e-01  -1.9551336e-01
  -4.7974684e-02  -9.0699015e-01   4.4866385e-03
  -4.2797468e-01  -8.4699015e-01   1.0448664e-01
  -1.0379747e+00  -3.1699015e-01   1.4448664e-01
  -2.1797468e-01  -1.0469902e+00  -5.1551336e-01
  -7.8797468e-01  -9.5699015e-01  -4.2551336e-01
  -1.2879747e+00  -5.0699015e-01  -3.7551336e-01
   5.6202532e-01   1.4300985e-01   3.6448664e-01
   8.3202532e-01   2.6300985e-01  -2.0551336e-01
  -1.7974684e-02  -8.7699015e-01   4.4866385e-03
  -4.0797468e-01  -8.4699015e-01   1.0448664e-01
  -1.0179747e+00  -3.2699015e-01   1.4448664e-01
  -1.9797468e-01  -1.0569902e+00  -5.1551336e-01
  -7.6797468e-01  -9.6699015e-01  -4.2551336e-01
  -1.2679747e+00  -4.8699015e-01  -3.7551336e-01
   8.6202532e-01   2.9300985e-01  -2.0551336e-01
   1.2025316e-02  -8.6699015e-01   4.4866385e-03
  -4.7797468e-01   1.0430098e+00   5.2448664e-01
  -9.9797468e-01  -3.6699015e-01   1.4448664e-01
  -1.1797468e-01  -1.0369902e+00  -5.1551336e-01
  -6.9797468e-01  -1.0069902e+00  -4.1551336e-01
  -1.1979747e+00  -5.0699015e-01  -3.7551336e-01
   9.8202532e-01   4.4300985e-01  -2.2551336e-01
   9.2025316e-02  -7.7699015e-01  -5.5133615e-03
  -3.1797468e-01  -8.6699015e-01   1.0448664e-01
  -9.2797468e-01  -4.3699015e-01   1.5448664e-01
  -8.7974684e-02  -9.8699015e-01  -5.2551336e-01
  -6.8797468e-01  -1.0469902e+00  -4.1551336e-01
  -1.1779747e+00  -5.4699015e-01  -3.6551336e-01
   1.0420253e+00   6.2300985e-01  -2.4551336e-01
   1.7202532e-01  -5.1699015e-01  -3.5513361e-02
  -2.9797468e-01  -8.7699015e-01   1.0448664e-01
  -9.0797468e-01  -4.5699015e-01   1.5448664e-01
  -4.7974684e-02  -8.8699015e-01  -5.3551336e-01
  -6.5797468e-01  -1.0469902e+00  -4.1551336e-01
  -1.1579747e+00  -6.1699015e-01  -3.6551336e-01
   1.0920253e+00   6.9300985e-01  -2.4551336e-01
   2.2202532e-01  -4.0699015e-01  -3.5513361e-02
  -2.7797468e-01  -8.8699015e-01   1.0448664e-01
  -8.8797468e-01  -4.8699015e-01   1.5448664e-01
   2.2025316e-02  -9.0699015e-01  -5.3551336e-01
  -5.8797468e-01  -1.0469902e+00  -4.1551336e-01
  -1.1179747e+00  -8.2699015e-01  -3.4551336e-01
   1.2220253e+00   9.2300985e-01  -2.7551336e-01
   2.7202532e-01  -5.0699015e-01  -3.5513361e-02
  -1.9797468e-01   1.5130098e+00   5.0448664e-01
  -1.9797468e-01  -8.2699015e-01   1.0448664e-01
  -8.3797468e-01  -5.9699015e-01   1.6448664e-01
   5.2025316e-02  -8.6699015e-01  -5.4551336e-01
  -1.0979747e+00  -8.8699015e-01  -3.3551336e-01
   1.2720253e+00   1.0130098e+00  -2.8551336e-01
   3.0202532e-01  -4.5699015e-01  -3.5513361e-02
  -1.6797468e-01   1.5130098e+00   5.0448664e-01
  -1.7797468e-01  -8.4699015e-01   1.0448664e-01
  -8.0797468e-01  -5.3699015e-01   1.5448664e-01
   1.1202532e-01  -7.7699015e-01  -5.5551336e-01
  -5.3797468e-01  -1.1169902e+00  -4.0551336e-01
  -1.0479747e+00  -8.2699015e-01  -3.4551336e-01
  -1.5379747e+00  -5.3699015e-01  -2.6551336e-01
   1.3420253e+00   1.0830098e+00  -2.9551336e-01
   3.8202532e-01  -3.3699015e-01  -4.5513361e-02
  -1.1797468e-01   1.5530098e+00   4.9448664e-01
  -7.5797468e-01  -5.4699015e-01   1.5448664e-01
   1.9202532e-01  -6.2699015e-01  -5.7551336e-01
  -4.8797468e-01  -1.1369902e+00  -4.0551336e-01
  -1.0179747e+00  -9.7699015e-01  -3.2551336e-01
  -1.4979747e+00  -6.0699015e-01  -2.5551336e-01
   4.8202532e-01   7.5300985e-01   4.2448664e-01
   1.4320253e+00   1.2230098e+00  -3.0551336e-01
   4.7202532e-01  -1.4699015e-01  -6.5513361e-02
  -9.7974684e-02  -9.1699015e-01   1.0448664e-01
  -7.1797468e-01  -5.8699015e-01   1.5448664e-01
   2.2202532e-01  -6.1699015e-01  -5.7551336e-01
  -4.6797468e-01  -1.1369902e+00  -4.0551336e-01
  -9.9797468e-01  -1.0169902e+00  -3.2551336e-01
  -1.4779747e+00  -5.6699015e-01  -2.6551336e-01
   5.0202532e-01   7.4300985e-01   4.2448664e-01
   1.4920253e+00   1.3430098e+00  -3.1551336e-01
   5.0202532e-01  -8.6990155e-02  -7.5513361e-02
  -7.7974684e-02  -9.7699015e-01   1.1448664e-01
  -6.9797468e-01  -6.1699015e-01   1.5448664e-01
   2.7202532e-01  -5.7699015e-01  -5.8551336e-01
  -4.2797468e-01  -1.1469902e+00  -4.0551336e-01
  -9.5797468e-01  -1.0269902e+00  -3.2551336e-01
  -1.4279747e+00  -5.9699015e-01  -2.6551336e-01
   5.5202532e-01   7.3300985e-01   4.2448664e-01
   1.5720253e+00   1.4430098e+00  -3.2551336e-01
   5.7202532e-01  -1.6990155e-02  -8.5513361e-02
  -3.7974684e-02  -1.0069902e+00   1.1448664e-01
  -6.4797468e-01  -6.0699015e-01   1.5448664e-01
  -3.7797468e-01  -1.1569902e+00  -4.0551336e-01
  -8.9797468e-01  -9.0699015e-01  -3.3551336e-01
  -1.3879747e+00  -6.4699015e-01  -2.5551336e-01
   1.3220253e+00   1.3030098e+00   2.8448664e-01
   5.9202532e-01   6.8300985e-01   4.3448664e-01
   1.7020253e+00   1.7430098e+00  -3.5551336e-01
   6.6202532e-01   1.6300985e-01  -9.5513361e-02
  -6.0797468e-01  -6.4699015e-01   1.6448664e-01
  -3.5797468e-01  -1.1769902e+00  -4.0551336e-01
  -1.3679747e+00  -6.5699015e-01  -2.5551336e-01
   5.2202532e-01   2.2300985e-01   4.5448664e-01
   1.7520253e+00   1.8330098e+00  -3.6551336e-01
   7.0202532e-01   2.4300985e-01  -1.0551336e-01
  -3.7974684e-02   6.6300985e-01   5.3448664e-01
   3.2025316e-02  -9.6699015e-01   1.0448664e-01
  -5.7797468e-01  -6.3699015e-01   1.5448664e-01
  -3.1797468e-01  -1.1769902e+00  -4.0551336e-01
  -1.3179747e+00  -6.7699015e-01  -2.5551336e-01
   1.4520253e+00   1.4830098e+00   2.7448664e-01
   5.6202532e-01   1.7300985e-01   4.5448664e-01
   1.8220253e+00   1.8730098e+00  -3.7551336e-01
   7.7202532e-01   3.1300985e-01  -1.1551336e-01
   2.0253165e-03   6.4300985e-01   5.3448664e-01
   9.2025316e-02  -9.3699015e-01   1.0448664e-01
  -5.3797468e-01  -6.5699015e-01   1.6448664e-01
  -1.0279747e+00   3.9300985e-01   1.8448664e-01
  -7.6797468e-01  -7.8699015e-01  -3.5551336e-01
  -1.2779747e+00  -7.1699015e-01  -2.5551336e-01
   1.5520253e+00   1.6530098e+00   2.6448664e-01
   8.6202532e-01   4.6300985e-01  -1.2551336e-01
   5.2025316e-02   5.9300985e-01   5.3448664e-01
   1.4202532e-01  -8.7699015e-01   9.4486639e-02
  -4.9797468e-01  -6.7699015e-01   1.6448664e-01
  -9.8797468e-01   2.9300985e-01   1.8448664e-01
  -2.2797468e-01  -1.1869902e+00  -4.0551336e-01
  -7.1797468e-01  -8.0699015e-01  -3.4551336e-01
  -1.2379747e+00  -7.4699015e-01  -2.4551336e-01
   1.6320253e+00   1.7730098e+00   2.5448664e-01
   9.2202532e-01   5.3300985e-01  -1.3551336e-01
   1.0202532e-01   5.8300985e-01   5.3448664e-01
   2.0202532e-01  -8.3699015e-01   9.4486639e-02
  -4.4797468e-01  -6.6699015e-01   1.6448664e-01
  -9.4797468e-01   1.9300985e-01   1.9448664e-01
  -1.9797468e-01  -1.1569902e+00  -4.1551336e-01
  -7.0797468e-01  -8.5699015e-01  -3.4551336e-01
  -1.2179747e+00  -7.7699015e-01  -2.4551336e-01
   1.6820253e+00   1.8630098e+00   2.5448664e-01
   9.7202532e-01   6.1300985e-01  -1.4551336e-01
   1.2202532e-01   5.9300985e-01   5.3448664e-01
   2.3202532e-01  -7.9699015e-01   9.4486639e-02
  -4.2797468e-01  -6.7699015e-01   1.6448664e-01
  -9.2797468e-01   2.1300985e-01   1.9448664e-01
  -1.4797468e-01  -1.1069902e+00  -4.1551336e-01
  -6.5797468e-01  -8.7699015e-01  -3.4551336e-01
  -1.1779747e+00  -8.3699015e-01  -2.3551336e-01
   1.8020253e+00   2.0830098e+00   2.3448664e-01
   1.0720253e+00   7.9300985e-01  -1.5551336e-01
   1.7202532e-01   5.7300985e-01   5.3448664e-01
  -3.6797468e-01   1.0430098e+00   6.2448664e-01
   2.9202532e-01  -7.4699015e-01   8.4486639e-02
  -3.7797468e-01  -6.7699015e-01   1.5448664e-01
  -8.9797468e-01  -6.9901547e-03   2.0448664e-01
  -8.7974684e-02  -1.0669902e+00  -4.2551336e-01
  -6.2797468e-01  -9.3699015e-01  -3.3551336e-01
  -1.1379747e+00  -8.6699015e-01  -2.3551336e-01
   1.8820253e+00   2.1730098e+00   2.3448664e-01
   1.1420253e+00   8.7300985e-01  -1.6551336e-01
   2.2202532e-01   5.7300985e-01   5.3448664e-01
  -3.1797468e-01   1.0130098e+00   6.2448664e-01
   3.4202532e-01  -7.1699015e-01   8.4486639e-02
  -3.2797468e-01  -6.9699015e-01   1.6448664e-01
  -8.5797468e-01  -6.6990155e-02   2.1448664e-01
  -5.7974684e-02  -9.8699015e-01  -4.3551336e-01
  -6.0797468e-01  -9.8699015e-01  -3.3551336e-01
  -1.1279747e+00  -1.0569902e+00  -2.1551336e-01
   1.1920253e+00   9.9300985e-01  -1.7551336e-01
   2.6202532e-01   6.1300985e-01   5.3448664e-01
  -2.8797468e-01   9.9300985e-01   6.2448664e-01
   3.7202532e-01  -6.8699015e-01   7.4486639e-02
  -3.0797468e-01  -6.7699015e-01   1.5448664e-01
  -8.2797468e-01  -4.6990155e-02   2.1448664e-01
   2.2025316e-02  -9.4699015e-01  -4.4551336e-01
  -5.4797468e-01  -1.0469902e+00  -3.2551336e-01
  -1.0679747e+00  -1.1269902e+00  -2.1551336e-01
  -1.5279747e+00  -5.2699015e-01  -1.7551336e-01
   1.3220253e+00   1.1930098e+00  -1.9551336e-01
   3.3202532e-01   5.7300985e-01   5.3448664e-01
  -2.2797468e-01   9.3300985e-01   6.2448664e-01
   4.6202532e-01  -5.9699015e-01   7.4486639e-02
  -2.3797468e-01  -6.9699015e-01   1.5448664e-01
  -7.6797468e-01  -1.5699015e-01   2.1448664e-01
   5.2025316e-02  -8.9699015e-01  -4.4551336e-01
  -5.2797468e-01  -1.0769902e+00  -3.2551336e-01
  -1.0479747e+00  -1.1569902e+00  -2.0551336e-01
  -1.4979747e+00  -4.6699015e-01  -1.7551336e-01
   1.3720253e+00   1.2730098e+00  -2.0551336e-01
   3.5202532e-01   5.7300985e-01   5.3448664e-01
  -1.9797468e-01   9.0300985e-01   6.2448664e-01
   5.0202532e-01  -5.1699015e-01   6.4486639e-02
  -2.1797468e-01  -6.9699015e-01   1.5448664e-01
  -7.5797468e-01  -2.0699015e-01   2.2448664e-01
   9.2025316e-02  -8.2699015e-01  -4.5551336e-01
  -5.0797468e-01  -1.0669902e+00  -3.2551336e-01
  -1.0279747e+00  -1.1669902e+00  -2.0551336e-01
  -1.4779747e+00  -5.4699015e-01  -1.6551336e-01
   1.4120253e+00   1.3230098e+00  -2.1551336e-01
   3.6202532e-01   5.0300985e-01   5.3448664e-01
  -1.7797468e-01   8.8300985e-01   6.2448664e-01
   5.5202532e-01  -4.3699015e-01   5.4486639e-02
  -1.8797468e-01  -6.8699015e-01   1.5448664e-01
  -7.3797468e-01  -2.9699015e-01   2.2448664e-01
   1.9202532e-01  -6.7699015e-01  -4.7551336e-01
  -4.3797468e-01  -1.0969902e+00  -3.2551336e-01
  -9.6797468e-01  -1.1769902e+00  -2.0551336e-01
  -1.4179747e+00  -5.8699015e-01  -1.6551336e-01
   1.5520253e+00   1.5530098e+00  -2.3551336e-01
   4.5202532e-01   5.2300985e-01   5.3448664e-01
  -1.0797468e-01   8.3300985e-01   6.2448664e-01
   6.6202532e-01  -2.4699015e-01   3.4486639e-02
  -1.1797468e-01  -6.6699015e-01   1.5448664e-01
   2.3202532e-01  -6.1699015e-01  -4.8551336e-01
  -4.1797468e-01  -1.1169902e+00  -3.2551336e-01
  -9.4797468e-01  -1.1869902e+00  -2.0551336e-01
  -1.3879747e+00  -5.9699015e-01  -1.6551336e-01
   1.3420253e+00   1.3830098e+00   3.8448664e-01
   1.6220253e+00   1.7030098e+00  -2.4551336e-01
   4.7202532e-01   5.1300985e-01   5.3448664e-01
  -7.7974684e-02   8.4300985e-01   6.2448664e-01
   7.1202532e-01  -1.2699015e-01   2.4486639e-02
  -8.7974684e-02  -6.6699015e-01   1.5448664e-01
  -6.4797468e-01  -3.1699015e-01   2.2448664e-01
   2.6202532e-01  -5.5699015e-01  -4.9551336e-01
  -3.8797468e-01  -1.0369902e+00  -3.3551336e-01
  -9.2797468e-01  -1.2169902e+00  -2.0551336e-01
  -1.3679747e+00  -5.6699015e-01  -1.6551336e-01
   1.6820253e+00   1.8230098e+00  -2.5551336e-01
   5.0202532e-01   5.3300985e-01   5.3448664e-01
  -5.7974684e-02   8.3300985e-01   6.2448664e-01
   7.7202532e-01   3.0098453e-03   1.4486639e-02
  -6.7974684e-02  -6.6699015e-01   1.5448664e-01
  -6.2797468e-01  -3.7699015e-01   2.3448664e-01
  -3.1797468e-01  -1.0169902e+00  -3.3551336e-01
  -8.3797468e-01  -1.0869902e+00  -2.1551336e-01
  -1.2879747e+00  -4.8699015e-01  -1.7551336e-01
   1.8220253e+00   2.0430098e+00  -2.8551336e-01
   1.2025316e-02   8.1300985e-01   6.2448664e-01
   8.7202532e-01   1.1300985e-01   4.4866385e-03
   2.0253165e-03  -6.5699015e-01   1.5448664e-01
  -5.6797468e-01  -4.4699015e-01   2.3448664e-01
  -9.8797468e-01   1.0630098e+00   2.6448664e-01
  -3.0797468e-01  -1.0969902e+00  -3.2551336e-01
  -8.1797468e-01  -1.0769902e+00  -2.2551336e-01
  -1.2679747e+00  -5.3699015e-01  -1.7551336e-01
   1.8720253e+00   2.1230098e+00  -2.8551336e-01
   5.6202532e-01   3.2300985e-01   5.4448664e-01
   3.2025316e-02   7.7300985e-01   6.2448664e-01
   9.1202532e-01   1.9300985e-01   4.4866385e-03
   2.2025316e-02  -7.1699015e-01   1.5448664e-01
  -5.3797468e-01  -3.4699015e-01   2.2448664e-01
  -9.6797468e-01   1.0130098e+00   2.7448664e-01
  -2.8797468e-01  -1.1169902e+00  -3.2551336e-01
  -7.9797468e-01  -1.1169902e+00  -2.1551336e-01
  -1.2479747e+00  -6.0699015e-01  -1.6551336e-01
   1.9620253e+00   2.3330098e+00  -3.0551336e-01
   5.9202532e-01   3.3300985e-01   5.4448664e-01
   6.2025316e-02   7.5300985e-01   6.2448664e-01
   9.5202532e-01   2.4300985e-01  -5.5133615e-03
   4.2025316e-02  -7.2699015e-01   1.5448664e-01
  -5.0797468e-01  -3.7699015e-01   2.2448664e-01
  -9.4797468e-01   1.0030098e+00   2.7448664e-01
  -2.1797468e-01  -1.1169902e+00  -3.2551336e-01
  -7.2797468e-01  -1.1269902e+00  -2.1551336e-01
  -1.1879747e+00  -6.1699015e-01  -1.6551336e-01
   1.3202532e-01   7.0300985e-01   6.2448664e-01
   1.0720253e+00   4.0300985e-01  -1.5513361e-02
   1.1202532e-01  -6.9699015e-01   1.5448664e-01
  -4.4797468e-01  -3.8699015e-01   2.2448664e-01
  -8.7797468e-01   9.0300985e-01   2.7448664e-01
  -1.8797468e-01  -1.1069902e+00  -3.2551336e-01
  -7.0797468e-01  -1.1469902e+00  -2.1551336e-01
  -1.1679747e+00  -6.4699015e-01  -1.6551336e-01
   1.8420253e+00   2.2330098e+00   3.3448664e-01
   1.5202532e-01   6.9300985e-01   6.2448664e-01
   1.1120253e+00   4.9300985e-01  -2.5513361e-02
   1.5202532e-01  -6.4699015e-01   1.4448664e-01
  -4.1797468e-01  -3.9699015e-01   2.2448664e-01
  -8.6797468e-01   7.7300985e-01   2.8448664e-01
  -1.4797468e-01  -1.0169902e+00  -3.3551336e-01
  -6.9797468e-01  -1.1769902e+00  -2.1551336e-01
  -1.1479747e+00  -6.8699015e-01  -1.5551336e-01
   1.9120253e+00   2.3530098e+00   3.2448664e-01
   1.8202532e-01   6.9300985e-01   6.2448664e-01
   1.1620253e+00   5.8300985e-01  -3.5513361e-02
   1.8202532e-01  -5.8699015e-01   1.4448664e-01
  -3.9797468e-01  -4.0699015e-01   2.2448664e-01
  -8.3797468e-01   7.6300985e-01   2.8448664e-01
  -7.7974684e-02  -9.6699015e-01  -3.4551336e-01
  -6.2797468e-01  -1.1969902e+00  -2.1551336e-01
  -1.0779747e+00  -7.3699015e-01  -1.5551336e-01
   2.5202532e-01   6.4300985e-01   6.3448664e-01
   1.2920253e+00   7.9300985e-01  -5.5513361e-02
   2.9202532e-01  -4.3699015e-01   1.3448664e-01
  -3.3797468e-01  -4.6699015e-01   2.3448664e-01
  -7.5797468e-01   8.3300985e-01   2.8448664e-01
  -2.7974684e-02  -8.2699015e-01  -3.6551336e-01
  -6.0797468e-01  -1.1869902e+00  -2.1551336e-01
  -1.0579747e+00  -7.2699015e-01  -1.5551336e-01
   2.7202532e-01   6.4300985e-01   6.3448664e-01
   1.3420253e+00   8.9300985e-01  -6.5513361e-02
   3.3202532e-01  -3.6699015e-01   1.2448664e-01
  -3.0797468e-01  -4.5699015e-01   2.3448664e-01
   2.2025316e-02  -8.3699015e-01  -3.6551336e-01
  -5.5797468e-01  -1.2069902e+00  -2.1551336e-01
  -1.0079747e+00  -7.3699015e-01  -1.5551336e-01
   3.2202532e-01   6.1300985e-01   6.3448664e-01
   1.4220253e+00   9.9300985e-01  -7.5513361e-02
   3.8202532e-01  -3.2699015e-01   1.2448664e-01
  -2.6797468e-01  -4.9699015e-01   2.3448664e-01
   9.2025316e-02  -7.2699015e-01  -3.7551336e-01
  -5.1797468e-01  -1.2369902e+00  -2.1551336e-01
  -9.7797468e-01  -8.0699015e-01  -1.5551336e-01
   3.6202532e-01   5.9300985e-01   6.3448664e-01
   1.5520253e+00   1.2730098e+00  -9.5513361e-02
   4.6202532e-01  -2.0699015e-01   1.1448664e-01
  -2.1797468e-01  -4.9699015e-01   2.3448664e-01
   1.3202532e-01  -6.5699015e-01  -3.8551336e-01
  -4.9797468e-01  -1.2569902e+00  -2.0551336e-01
  -9.4797468e-01  -8.2699015e-01  -1.4551336e-01
   3.8202532e-01   5.4300985e-01   6.3448664e-01
   1.6020253e+00   1.3730098e+00  -1.0551336e-01
   5.0202532e-01  -1.3699015e-01   1.0448664e-01
  -9.7974684e-02   1.5330098e+00   7.0448664e-01
  -2.0797468e-01  -5.2699015e-01   2.3448664e-01
   1.8202532e-01  -5.9699015e-01  -3.9551336e-01
  -4.5797468e-01  -1.2469902e+00  -2.1551336e-01
  -8.9797468e-01  -7.8699015e-01  -1.5551336e-01
   4.3202532e-01   5.2300985e-01   6.3448664e-01
   1.6620253e+00   1.3730098e+00  -1.0551336e-01
   5.6202532e-01  -7.6990155e-02   9.4486639e-02
  -4.7974684e-02   1.4730098e+00   7.0448664e-01
  -1.5797468e-01  -5.3699015e-01   2.3448664e-01
   2.5202532e-01  -5.3699015e-01  -4.0551336e-01
  -4.0797468e-01  -1.2669902e+00  -2.0551336e-01
  -8.6797468e-01  -8.5699015e-01  -1.4551336e-01
   4.8202532e-01   5.2300985e-01   6.3448664e-01
   1.7520253e+00   1.5130098e+00  -1.2551336e-01
   6.4202532e-01   8.3009845e-02   8.4486639e-02
   2.0253165e-03   1.4430098e+00   7.0448664e-01
  -1.0797468e-01  -5.0699015e-01   2.3448664e-01
   2.8202532e-01  -4.7699015e-01  -4.0551336e-01
  -3.8797468e-01  -1.2569902e+00  -2.1551336e-01
  -8.3797468e-01  -8.5699015e-01  -1.4551336e-01
   5.0202532e-01   5.0300985e-01   6.3448664e-01
   1.8020253e+00   1.6030098e+00  -1.2551336e-01
   6.9202532e-01   1.5300985e-01   7.4486639e-02
   3.2025316e-02   1.4730098e+00   7.0448664e-01
  -7.7974684e-02  -5.0699015e-01   2.3448664e-01
  -3.6797468e-01   1.5530098e+00   2.3448664e-01
   3.8202532e-01  -2.5699015e-01  -4.3551336e-01
  -3.4797468e-01  -1.2769902e+00  -2.0551336e-01
  -7.9797468e-01  -8.5699015e-01  -1.4551336e-01
   1.9420253e+00   1.8830098e+00  -1.5551336e-01
   7.5202532e-01   2.1300985e-01   7.4486639e-02
   8.2025316e-02   1.4430098e+00   7.0448664e-01
  -2.7974684e-02  -5.0699015e-01   2.3448664e-01
  -3.1797468e-01   1.5430098e+00   2.3448664e-01
   4.8202532e-01  -6.9901547e-03  -4.6551336e-01
  -7.5797468e-01  -8.9699015e-01  -1.4551336e-01
   2.0220253e+00   1.9730098e+00  -1.6551336e-01
   8.4202532e-01   3.8300985e-01   5.4486639e-02
   1.2202532e-01   1.3830098e+00   7.0448664e-01
   2.2025316e-02  -4.8699015e-01   2.2448664e-01
  -2.6797468e-01   1.5430098e+00   2.3448664e-01
   5.5202532e-01   1.0300985e-01  -4.7551336e-01
  -2.5797468e-01  -1.2869902e+00  -2.1551336e-01
  -7.0797468e-01  -8.8699015e-01  -1.4551336e-01
   6.6202532e-01   5.3300985e-01   6.2448664e-01
   2.1120253e+00   2.0930098e+00  -1.7551336e-01
   9.1202532e-01   4.5300985e-01   5.4486639e-02
   1.7202532e-01   1.3530098e+00   7.0448664e-01
   7.2025316e-02  -4.8699015e-01   2.2448664e-01
  -2.1797468e-01   1.5230098e+00   2.3448664e-01
   6.0202532e-01   1.9300985e-01  -4.8551336e-01
  -2.3797468e-01  -1.3269902e+00  -2.0551336e-01
  -6.8797468e-01  -9.0699015e-01  -1.4551336e-01
   7.1202532e-01   6.4300985e-01   6.2448664e-01
   2.1920253e+00   2.2630098e+00  -1.8551336e-01
   9.5202532e-01   5.1300985e-01   4.4486639e-02
   1.9202532e-01   1.3230098e+00   7.0448664e-01
   9.2025316e-02  -4.8699015e-01   2.2448664e-01
   6.9202532e-01   3.8300985e-01  -5.1551336e-01
  -1.6797468e-01  -1.1869902e+00  -2.2551336e-01
  -6.4797468e-01  -9.7699015e-01  -1.4551336e-01
   1.0420253e+00   6.9300985e-01   3.4486639e-02
   2.4202532e-01   1.2830098e+00   7.0448664e-01
   1.4202532e-01  -4.9699015e-01   2.2448664e-01
  -1.3797468e-01   1.4930098e+00   2.3448664e-01
  -1.1797468e-01  -1.1669902e+00  -2.2551336e-01
  -6.0797468e-01  -9.7699015e-01  -1.4551336e-01
   8.9202532e-01   9.5300985e-01   6.1448664e-01
   1.1220253e+00   7.8300985e-01   2.4486639e-02
   2.9202532e-01   1.2530098e+00   7.0448664e-01
   1.9202532e-01  -4.8699015e-01   2.2448664e-01
  -7.7974684e-02   1.5130098e+00   2.3448664e-01
  -9.7974684e-02  -1.1469902e+00  -2.2551336e-01
   1.1720253e+00   8.7300985e-01   1.4486639e-02
   3.0202532e-01   1.2130098e+00   7.0448664e-01
   2.2202532e-01  -4.5699015e-01   2.2448664e-01
  -5.7974684e-02   1.4830098e+00   2.3448664e-01
  -1.7974684e-02  -1.0769902e+00  -2.3551336e-01
  -4.9797468e-01  -8.7699015e-01  -1.5551336e-01
   1.3020253e+00   1.0630098e+00   4.4866385e-03
   3.8202532e-01   1.1730098e+00   7.0448664e-01
   2.9202532e-01  -4.4699015e-01   2.2448664e-01
   2.2025316e-02   1.4630098e+00   2.3448664e-01
   3.2025316e-02  -9.6699015e-01  -2.4551336e-01
  -4.8797468e-01  -9.3699015e-01  -1.4551336e-01
   1.3420253e+00   1.1130098e+00  -5.5133615e-03
   4.0202532e-01   1.1630098e+00   7.0448664e-01
   3.3202532e-01  -3.6699015e-01   2.1448664e-01
   4.2025316e-02   1.4230098e+00   2.3448664e-01
   6.2025316e-02  -9.2699015e-01  -2.5551336e-01
  -4.6797468e-01  -1.0069902e+00  -1.4551336e-01
   1.3920253e+00   1.2230098e+00  -1.5513361e-02
   4.2202532e-01   1.1330098e+00   7.0448664e-01
   3.8202532e-01  -2.4699015e-01   2.0448664e-01
   7.2025316e-02   1.4530098e+00   2.3448664e-01
   1.6202532e-01  -7.4699015e-01  -2.7551336e-01
  -4.1797468e-01  -1.0969902e+00  -1.3551336e-01
   1.2520253e+00   1.4530098e+00   5.8448664e-01
   1.5220253e+00   1.3930098e+00  -2.5513361e-02
   5.0202532e-01   1.1330098e+00   7.0448664e-01
   4.9202532e-01  -9.6990155e-02   1.9448664e-01
   1.4202532e-01   1.4130098e+00   2.3448664e-01
   1.8202532e-01  -7.8699015e-01  -2.7551336e-01
  -3.9797468e-01  -1.1169902e+00  -1.3551336e-01
   1.3020253e+00   1.5330098e+00   5.8448664e-01
   1.5620253e+00   1.4630098e+00  -3.5513361e-02
   5.3202532e-01   1.1130098e+00   7.0448664e-01
   5.2202532e-01  -5.6990155e-02   1.9448664e-01
   1.7202532e-01   1.3830098e+00   2.3448664e-01
   2.2202532e-01  -6.8699015e-01  -2.8551336e-01
  -3.5797468e-01  -1.0069902e+00  -1.4551336e-01
   1.6220253e+00   1.5830098e+00  -4.5513361e-02
   5.5202532e-01   1.1030098e+00   7.0448664e-01
   5.5202532e-01  -4.6990155e-02   1.8448664e-01
   3.4202532e-01  -4.7699015e-01  -3.0551336e-01
  -2.8797468e-01  -9.8699015e-01  -1.4551336e-01
   1.8120253e+00   1.9930098e+00  -7.5513361e-02
   6.2202532e-01   1.0630098e+00   7.0448664e-01
   6.6202532e-01   1.4300985e-01   1.7448664e-01
   3.8202532e-01  -3.8699015e-01  -3.1551336e-01
   1.8320253e+00   1.9330098e+00  -7.5513361e-02
   6.5202532e-01   1.0730098e+00   7.0448664e-01
   7.1202532e-01   2.2300985e-01   1.6448664e-01
   4.1202532e-01  -3.4699015e-01  -3.2551336e-01
   1.6020253e+00   2.0830098e+00   5.5448664e-01
   1.9020253e+00   2.0930098e+00  -8.5513361e-02
   6.7202532e-01   1.0230098e+00   7.0448664e-01
   7.4202532e-01   2.7300985e-01   1.6448664e-01
   5.3202532e-01  -1.2699015e-01  -3.4551336e-01
  -1.9797468e-01  -1.1269902e+00  -1.3551336e-01
   2.0720253e+00   2.3830098e+00  -1.1551336e-01
   7.5202532e-01   1.0430098e+00   7.0448664e-01
   8.4202532e-01   3.6300985e-01   1.5448664e-01
   5.8202532e-01  -4.6990155e-02  -3.5551336e-01
  -1.6797468e-01  -1.1269902e+00  -1.3551336e-01
   7.9202532e-01   1.0930098e+00   7.0448664e-01
   8.7202532e-01   3.8300985e-01   1.5448664e-01
   6.1202532e-01  -6.9901547e-03  -3.6551336e-01
  -1.4797468e-01  -1.1069902e+00  -1.3551336e-01
   8.3202532e-01   1.1430098e+00   7.0448664e-01
   9.3202532e-01   5.2300985e-01   1.4448664e-01
   2.6202532e-01   3.2300985e-01   2.9448664e-01
   7.2202532e-01   1.4300985e-01  -3.7551336e-01
  -5.7974684e-02  -1.0369902e+00  -1.4551336e-01
   9.2202532e-01   1.1930098e+00   7.0448664e-01
   1.0420253e+00   6.6300985e-01   1.3448664e-01
   3.5202532e-01   4.1300985e-01   2.9448664e-01
   7.6202532e-01   2.0300985e-01  -3.8551336e-01
  -2.7974684e-02  -9.7699015e-01  -1.5551336e-01
   9.6202532e-01   1.2430098e+00   6.9448664e-01
   1.1020253e+00   8.1300985e-01   1.2448664e-01
   3.7202532e-01   3.8300985e-01   2.9448664e-01
   8.3202532e-01   3.0300985e-01  -3.9551336e-01
   2.2025316e-02  -9.5699015e-01  -1.5551336e-01
   1.0220253e+00   1.2930098e+00   6.9448664e-01
   1.1820253e+00   9.4300985e-01   1.1448664e-01
   4.1202532e-01   3.3300985e-01   2.9448664e-01
   9.2202532e-01   4.8300985e-01  -4.1551336e-01
   9.2025316e-02  -8.3699015e-01  -1.6551336e-01
   1.1120253e+00   1.4330098e+00   6.9448664e-01
   1.2920253e+00   1.1430098e+00   9.4486639e-02
   4.0202532e-01  -6.9901547e-03   3.1448664e-01
   9.7202532e-01   5.8300985e-01  -4.3551336e-01
   1.1202532e-01  -8.6699015e-01  -1.6551336e-01
   1.1320253e+00   1.4130098e+00   6.9448664e-01
   1.3220253e+00   1.1830098e+00   9.4486639e-02
   4.2202532e-01   3.0098453e-03   3.1448664e-01
   1.0520253e+00   7.0300985e-01  -4.4551336e-01
   1.8202532e-01  -7.3699015e-01  -1.8551336e-01
   1.2420253e+00   1.6330098e+00   6.8448664e-01
   1.3920253e+00   1.2230098e+00   8.4486639e-02
   4.7202532e-01   1.3009845e-02   3.1448664e-01
   1.1520253e+00   9.1300985e-01  -4.6551336e-01
   2.4202532e-01  -6.7699015e-01  -1.8551336e-01
   1.3520253e+00   1.8530098e+00   6.7448664e-01
   1.4820253e+00   1.3630098e+00   7.4486639e-02
   5.5202532e-01   1.4300985e-01   3.0448664e-01
   1.2120253e+00   1.0530098e+00  -4.8551336e-01
   2.8202532e-01  -5.9699015e-01  -1.9551336e-01
   1.4220253e+00   2.0430098e+00   6.6448664e-01
   1.5420253e+00   1.5230098e+00   6.4486639e-02
   5.5202532e-01   3.3009845e-02   3.1448664e-01
   1.2920253e+00   1.1430098e+00  -4.9551336e-01
   3.7202532e-01  -4.2699015e-01  -2.1551336e-01
   1.5120253e+00   2.1530098e+00   6.6448664e-01
   1.6320253e+00   1.6230098e+00   5.4486639e-02
   6.1202532e-01   6.3009845e-02   3.0448664e-01
   1.3920253e+00   1.3130098e+00  -5.1551336e-01
   4.3202532e-01  -3.3699015e-01  -2.2551336e-01
   1.7820253e+00   1.9930098e+00   2.4486639e-02
   1.4520253e+00   1.3630098e+00  -5.2551336e-01
   5.0202532e-01  -2.5699015e-01  -2.3551336e-01
   1.8620253e+00   2.1030098e+00   2.4486639e-02
   7.1202532e-01   6.3009845e-02   3.0448664e-01
   1.4820253e+00   1.3630098e+00  -5.2551336e-01
   5.5202532e-01  -1.5699015e-01  -2.4551336e-01
   1.9420253e+00   2.2730098e+00   4.4866385e-03
   1.5820253e+00   1.5330098e+00  -5.4551336e-01
   6.3202532e-01   1.3009845e-02  -2.6551336e-01
   1.6720253e+00   1.6530098e+00  -5.5551336e-01
   6.9202532e-01   5.3009845e-02  -2.6551336e-01
   1.0220253e+00   8.5300985e-01   2.5448664e-01
   7.4202532e-01   1.4300985e-01  -2.7551336e-01
   1.0720253e+00   9.4300985e-01   2.4448664e-01
   8.6202532e-01   3.1300985e-01  -2.9551336e-01
   1.1920253e+00   1.0830098e+00   2.3448664e-01
   9.1202532e-01   4.3300985e-01  -3.0551336e-01
   1.2220253e+00   1.1030098e+00   2.3448664e-01
   9.6202532e-01   5.2300985e-01  -3.1551336e-01
   1.2620253e+00   1.1630098e+00   2.3448664e-01
   1.0720253e+00   6.8300985e-01  -3.3551336e-01
   1.3920253e+00   1.3330098e+00   2.1448664e-01
   1.1320253e+00   8.0300985e-01  -3.4551336e-01
   1.4520253e+00   1.4830098e+00   2.0448664e-01
   1.1820253e+00   9.0300985e-01  -3.5551336e-01
   1.4920253e+00   1.5230098e+00   2.0448664e-01
   1.3020253e+00   1.0530098e+00  -3.7551336e-01
   1.6420253e+00   1.7930098e+00   1.8448664e-01
   1.3520253e+00   1.1530098e+00  -3.8551336e-01
   1.7120253e+00   1.9330098e+00   1.7448664e-01
   1.4120253e+00   1.2630098e+00  -4.0551336e-01
   1.7720253e+00   2.0830098e+00   1.6448664e-01
   1.5320253e+00   1.4130098e+00  -4.1551336e-01
   1.9120253e+00   2.2730098e+00   1.5448664e-01
   1.5720253e+00   1.4730098e+00  -4.2551336e-01
   1.6420253e+00   1.6330098e+00  -4.4551336e-01
   1.7720253e+00   1.7830098e+00  -4.5551336e-01
   1.8120253e+00   1.8530098e+00  -4.6551336e-01
