  -1.5071715e+00  -3.1586984e-01  -3.1877347e-02
  -1.3971715e+00  -3.5586984e-01  -2.1877347e-02
  -1.3371715e+00  -5.7586984e-01  -1.8773467e-03
  -1.4471715e+00  -3.5869837e-02  -5.9187735e-01
  -1.4271715e+00  -1.4586984e-01  -5.8187735e-01
  -1.2571715e+00  -6.7586984e-01  -1.8773467e-03
  -1.4071715e+00  -1.8586984e-01  -5.7187735e-01
  -1.2371715e+00  -6.9586984e-01   8.1226533e-03
  -1.3371715e+00  -2.1586984e-01  -5.7187735e-01
  -1.1771715e+00  -7.4586984e-01   8.1226533e-03
  -1.3171715e+00  -2.3586984e-01  -5.7187735e-01
  -1.1571715e+00  -7.5586984e-01   8.1226533e-03
  -1.2971715e+00  -1.6586984e-01  -5.8187735e-01
  -1.1371715e+00  -7.4586984e-01   8.1226533e-03
  -1.2171715e+00  -5.5869837e-02  -5.9187735e-01
  -1.0771715e+00  -7.8586984e-01   8.1226533e-03
  -1.1871715e+00   3.4130163e-02  -6.0187735e-01
  -1.0571715e+00  -8.2586984e-01   8.1226533e-03
  -1.0271715e+00  -8.0586984e-01   8.1226533e-03
  -1.5471715e+00  -2.2586984e-01   4.8122653e-02
  -9.7717146e-01  -9.0586984e-01   1.8122653e-02
  -1.4771715e+00  -1.5586984e-01   3.8122653e-02
  -9.4717146e-01  -8.8586984e-01   1.8122653e-02
  -1.4571715e+00  -1.7586984e-01   4.8122653e-02
  -9.3717146e-01  -9.0586984e-01   1.8122653e-02
  -1.4371715e+00  -2.9586984e-01   5.8122653e-02
  -1.5471715e+00  -4.0586984e-01  -4.6187735e-01
  -8.6717146e-01  -9.1586984e-01   1.8122653e-02
  -1.3771715e+00  -3.6586984e-01   5.8122653e-02
  -1.5271715e+00  -4.5586984e-01  -4.5187735e-01
  -8.4717146e-01  -9.3586984e-01   1.8122653e-02
  -1.3571715e+00  -4.1586984e-01   6.8122653e-02
  -1.4871715e+00  -5.1586984e-01  -4.5187735e-01
  -8.0717146e-01  -9.1586984e-01   1.8122653e-02
  -1.3171715e+00  -4.8586984e-01   6.8122653e-02
  -9.5717146e-01  -9.0586984e-01  -4.9187735e-01
  -1.4471715e+00  -5.7586984e-01  -4.4187735e-01
  -7.6717146e-01  -9.4586984e-01   1.8122653e-02
  -1.2871715e+00  -5.8586984e-01   7.8122653e-02
  -9.3717146e-01  -9.3586984e-01  -4.8187735e-01
  -1.4271715e+00  -6.0586984e-01  -4.4187735e-01
  -7.3717146e-01  -9.2586984e-01   1.8122653e-02
  -1.2671715e+00  -6.4586984e-01   7.8122653e-02
  -8.9717146e-01  -9.4586984e-01  -4.8187735e-01
  -1.3771715e+00  -6.2586984e-01  -4.3187735e-01
  -6.9717146e-01  -9.2586984e-01   1.8122653e-02
  -1.2271715e+00  -6.5586984e-01   7.8122653e-02
  -8.4717146e-01  -9.6586984e-01  -4.8187735e-01
  -1.3371715e+00  -6.7586984e-01  -4.3187735e-01
  -6.8717146e-01   8.1413016e-01   3.9812265e-01
  -6.5717146e-01  -9.6586984e-01   1.8122653e-02
  -1.1871715e+00  -7.0586984e-01   8.8122653e-02
  -8.0717146e-01  -9.8586984e-01  -4.8187735e-01
  -1.2971715e+00  -6.9586984e-01  -4.3187735e-01
  -6.3717146e-01   8.2413016e-01   3.9812265e-01
  -6.1717146e-01  -9.9586984e-01   1.8122653e-02
  -1.1371715e+00  -7.2586984e-01   8.8122653e-02
  -7.8717146e-01  -1.0058698e+00  -4.8187735e-01
  -1.2771715e+00  -6.9586984e-01  -4.3187735e-01
  -6.1717146e-01   8.4413016e-01   3.9812265e-01
  -5.9717146e-01  -1.0258698e+00   2.8122653e-02
  -1.1171715e+00  -7.2586984e-01   8.8122653e-02
  -7.4717146e-01  -1.0458698e+00  -4.7187735e-01
  -1.2271715e+00  -6.7586984e-01  -4.3187735e-01
  -5.5717146e-01  -1.0558698e+00   2.8122653e-02
  -1.0771715e+00  -7.6586984e-01   8.8122653e-02
  -7.0717146e-01  -1.0658698e+00  -4.7187735e-01
  -1.1871715e+00  -6.8586984e-01  -4.3187735e-01
  -5.0717146e-01  -9.9586984e-01   1.8122653e-02
  -1.0271715e+00  -7.2586984e-01   8.8122653e-02
  -6.8717146e-01  -1.0758698e+00  -4.7187735e-01
  -1.1671715e+00  -7.3586984e-01  -4.2187735e-01
  -4.8717146e-01  -9.9586984e-01   1.8122653e-02
  -1.0171715e+00  -7.6586984e-01   8.8122653e-02
  -6.4717146e-01  -1.1058698e+00  -4.7187735e-01
  -1.1271715e+00  -7.7586984e-01  -4.2187735e-01
  -4.4717146e-01  -9.9586984e-01   1.8122653e-02
  -9.6717146e-01  -7.8586984e-01   8.8122653e-02
  -6.0717146e-01  -1.1058698e+00  -4.7187735e-01
  -1.0871715e+00  -7.9586984e-01  -4.2187735e-01
  -3.1717146e-01   1.4941302e+00   3.5812265e-01
  -4.0717146e-01  -1.0058698e+00   1.8122653e-02
  -9.2717146e-01  -7.9586984e-01   8.8122653e-02
  -5.8717146e-01  -1.1258698e+00  -4.7187735e-01
  -1.0671715e+00  -7.9586984e-01  -4.2187735e-01
  -2.9717146e-01   1.4841302e+00   3.5812265e-01
  -3.7717146e-01  -9.9586984e-01   1.8122653e-02
  -9.0717146e-01  -8.0586984e-01   8.8122653e-02
  -5.2717146e-01  -1.1558698e+00  -4.6187735e-01
  -1.0071715e+00  -8.6586984e-01  -4.1187735e-01
  -1.5271715e+00  -3.2586984e-01  -3.8187735e-01
  -2.1717146e-01   1.5241302e+00   3.4812265e-01
  -2.9717146e-01  -8.5586984e-01   8.1226533e-03
  -8.4717146e-01  -8.3586984e-01   9.8122653e-02
  -5.0717146e-01  -1.1658698e+00  -4.6187735e-01
  -9.8717146e-01  -8.5586984e-01  -4.1187735e-01
  -1.5071715e+00  -3.7586984e-01  -3.7187735e-01
  -1.7717146e-01   1.5941302e+00   3.4812265e-01
  -2.7717146e-01  -8.6586984e-01   8.1226533e-03
  -8.2717146e-01  -8.3586984e-01   9.8122653e-02
  -4.8717146e-01  -1.1158698e+00  -4.7187735e-01
  -9.6717146e-01  -8.8586984e-01  -4.1187735e-01
  -1.4871715e+00  -5.4586984e-01  -3.5187735e-01
  -2.5717146e-01  -8.7586984e-01   8.1226533e-03
  -8.0717146e-01  -8.6586984e-01   9.8122653e-02
  -4.1717146e-01  -1.1458698e+00  -4.7187735e-01
  -8.9717146e-01  -8.7586984e-01  -4.1187735e-01
  -1.9717146e-01  -9.3586984e-01   8.1226533e-03
  -7.3717146e-01  -8.4586984e-01   8.8122653e-02
  -4.0717146e-01  -1.1758698e+00  -4.6187735e-01
  -8.7717146e-01  -8.5586984e-01  -4.1187735e-01
  -1.8717146e-01  -9.7586984e-01   1.8122653e-02
  -7.1717146e-01  -8.5586984e-01   9.8122653e-02
  -3.8717146e-01  -1.1758698e+00  -4.6187735e-01
  -8.5717146e-01  -8.7586984e-01  -4.1187735e-01
  -1.3871715e+00  -6.5586984e-01  -3.4187735e-01
  -4.7171464e-02   1.4441302e+00   3.5812265e-01
  -1.5717146e-01  -9.5586984e-01   8.1226533e-03
  -6.9717146e-01  -8.7586984e-01   9.8122653e-02
  -3.1717146e-01  -1.1758698e+00  -4.6187735e-01
  -7.8717146e-01  -8.6586984e-01  -4.1187735e-01
  -1.3171715e+00  -6.6586984e-01  -3.4187735e-01
   2.2828536e-02   1.4141302e+00   3.5812265e-01
  -5.8717146e-01   8.9413016e-01   4.8812265e-01
  -6.3717146e-01  -8.9586984e-01   9.8122653e-02
  -2.9717146e-01  -1.1858698e+00  -4.6187735e-01
  -7.6717146e-01  -8.8586984e-01  -4.1187735e-01
  -1.2971715e+00  -6.9586984e-01  -3.4187735e-01
   5.2828536e-02   1.3841302e+00   3.5812265e-01
  -5.6717146e-01   9.1413016e-01   4.7812265e-01
  -6.1717146e-01  -8.8586984e-01   9.8122653e-02
  -2.7717146e-01  -1.1758698e+00  -4.7187735e-01
  -7.4717146e-01  -9.0586984e-01  -4.1187735e-01
   7.2828536e-02   1.3741302e+00   3.5812265e-01
  -5.3717146e-01   9.4413016e-01   4.7812265e-01
  -5.7171464e-02  -1.0158698e+00   1.8122653e-02
  -5.9717146e-01  -9.0586984e-01   9.8122653e-02
  -2.0717146e-01  -1.1158698e+00  -4.8187735e-01
  -6.9717146e-01  -9.9586984e-01  -4.0187735e-01
  -1.2171715e+00  -7.1586984e-01  -3.4187735e-01
   1.5282854e-01   1.3741302e+00   3.5812265e-01
   1.2828536e-02  -9.6586984e-01   8.1226533e-03
  -5.2717146e-01  -9.0586984e-01   9.8122653e-02
  -1.5717146e-01  -9.5586984e-01  -5.0187735e-01
  -6.6717146e-01  -9.5586984e-01  -4.0187735e-01
  -1.1971715e+00  -7.6586984e-01  -3.3187735e-01
   3.2828536e-02  -9.9586984e-01   8.1226533e-03
  -5.0717146e-01  -8.9586984e-01   9.8122653e-02
  -1.4717146e-01  -1.0458698e+00  -4.9187735e-01
  -6.6717146e-01  -1.0858698e+00  -3.9187735e-01
  -1.1771715e+00  -7.6586984e-01  -3.3187735e-01
   5.2828536e-02  -9.7586984e-01   8.1226533e-03
  -4.7717146e-01  -8.6586984e-01   8.8122653e-02
  -8.7171464e-02  -1.0558698e+00  -4.9187735e-01
  -1.1271715e+00  -1.0058698e+00  -3.0187735e-01
  -1.6171715e+00  -4.5586984e-01  -2.8187735e-01
  -2.6717146e-01   1.5041302e+00   4.4812265e-01
   1.7282854e-01  -7.0586984e-01  -2.1877347e-02
  -4.1717146e-01  -8.7586984e-01   8.8122653e-02
  -7.7717146e-01  -8.0586984e-01   1.7812265e-01
  -5.7171464e-02  -1.0058698e+00  -4.9187735e-01
  -1.1171715e+00  -1.0758698e+00  -3.0187735e-01
  -1.5971715e+00  -4.7586984e-01  -2.7187735e-01
  -2.4717146e-01   1.4941302e+00   4.4812265e-01
   2.2282854e-01  -4.9586984e-01  -4.1877347e-02
  -3.9717146e-01  -9.0586984e-01   9.8122653e-02
  -7.1714643e-03  -9.5586984e-01  -5.0187735e-01
  -5.3717146e-01  -1.0858698e+00  -3.9187735e-01
  -1.0671715e+00  -1.0658698e+00  -3.0187735e-01
  -1.5571715e+00  -4.9586984e-01  -2.7187735e-01
  -1.9717146e-01   1.5041302e+00   4.4812265e-01
   2.6282854e-01  -5.2586984e-01  -3.1877347e-02
  -3.5717146e-01  -9.0586984e-01   8.8122653e-02
   4.2828536e-02  -9.5586984e-01  -5.0187735e-01
  -4.9717146e-01  -1.1258698e+00  -3.9187735e-01
  -1.0271715e+00  -1.1058698e+00  -2.9187735e-01
  -1.5171715e+00  -5.4586984e-01  -2.7187735e-01
  -1.2717146e-01   1.5941302e+00   4.4812265e-01
   2.9282854e-01  -6.4586984e-01  -2.1877347e-02
  -3.1717146e-01  -9.6586984e-01   9.8122653e-02
   8.2828536e-02  -8.3586984e-01  -5.2187735e-01
  -4.7717146e-01  -1.1258698e+00  -3.9187735e-01
  -1.0071715e+00  -1.1158698e+00  -2.9187735e-01
  -1.4971715e+00  -5.7586984e-01  -2.6187735e-01
   2.9282854e-01  -7.5586984e-01  -1.1877347e-02
  -2.9717146e-01  -9.7586984e-01   9.8122653e-02
   1.5282854e-01  -6.5586984e-01  -5.4187735e-01
  -4.2717146e-01  -1.0958698e+00  -3.9187735e-01
  -9.6717146e-01  -1.1158698e+00  -2.9187735e-01
  -1.4571715e+00  -5.8586984e-01  -2.6187735e-01
  -2.5717146e-01  -9.6586984e-01   9.8122653e-02
  -1.1571715e+00   1.9413016e-01   1.7812265e-01
   1.8282854e-01  -7.6586984e-01  -5.3187735e-01
  -3.8717146e-01  -1.0858698e+00  -3.9187735e-01
  -9.2717146e-01  -1.1358698e+00  -2.9187735e-01
  -1.4071715e+00  -6.2586984e-01  -2.6187735e-01
   4.2282854e-01   7.0413016e-01   3.8812265e-01
  -1.7171464e-02   1.4841302e+00   4.4812265e-01
   4.9282854e-01  -1.9586984e-01  -7.1877347e-02
  -2.1717146e-01  -9.9586984e-01   9.8122653e-02
  -1.1071715e+00   1.8413016e-01   1.7812265e-01
  -3.6717146e-01  -1.1258698e+00  -3.9187735e-01
  -8.9717146e-01  -1.0258698e+00  -3.1187735e-01
  -1.3871715e+00  -6.5586984e-01  -2.6187735e-01
   4.4282854e-01   7.1413016e-01   3.8812265e-01
   2.8285357e-03   1.4341302e+00   4.4812265e-01
   5.1282854e-01  -1.9586984e-01  -7.1877347e-02
  -1.8717146e-01  -9.4586984e-01   9.8122653e-02
  -1.0871715e+00   1.4413016e-01   1.7812265e-01
  -3.3717146e-01  -1.1958698e+00  -3.8187735e-01
  -1.3471715e+00  -6.9586984e-01  -2.5187735e-01
   4.9282854e-01   7.1413016e-01   3.8812265e-01
   5.2828536e-02   1.4141302e+00   4.4812265e-01
   5.6282854e-01  -1.5586984e-01  -7.1877347e-02
  -1.0471715e+00   8.4130163e-02   1.7812265e-01
  -2.9717146e-01  -1.1858698e+00  -3.8187735e-01
  -1.3071715e+00  -7.2586984e-01  -2.5187735e-01
   9.2828536e-02   1.3741302e+00   4.4812265e-01
   6.4282854e-01  -5.8698373e-03  -9.1877347e-02
  -8.7171464e-02  -8.8586984e-01   8.8122653e-02
  -1.0071715e+00  -5.8698373e-03   1.8812265e-01
  -1.2671715e+00  -7.4586984e-01  -2.5187735e-01
   4.7282854e-01   7.4130163e-02   4.2812265e-01
   1.5282854e-01   1.3841302e+00   4.4812265e-01
   7.0282854e-01   4.4130163e-02  -9.1877347e-02
  -4.7171464e-02  -8.7586984e-01   8.8122653e-02
  -9.6717146e-01  -5.5869837e-02   1.8812265e-01
  -2.2717146e-01  -1.1858698e+00  -3.8187735e-01
  -7.4717146e-01  -1.0658698e+00  -3.0187735e-01
  -1.2471715e+00  -7.5586984e-01  -2.5187735e-01
   5.0282854e-01   7.4130163e-02   4.2812265e-01
   1.7282854e-01   1.3741302e+00   4.4812265e-01
   7.3282854e-01   1.1413016e-01  -1.0187735e-01
  -1.7171464e-02  -8.3586984e-01   7.8122653e-02
  -9.4717146e-01  -1.1586984e-01   1.9812265e-01
  -1.7717146e-01  -1.0958698e+00  -4.0187735e-01
  -7.0717146e-01  -1.0458698e+00  -3.1187735e-01
  -1.2071715e+00  -7.8586984e-01  -2.4187735e-01
   8.1282854e-01   2.4413016e-01  -1.1187735e-01
   4.2828536e-02  -7.7586984e-01   7.8122653e-02
  -4.5717146e-01   1.0641302e+00   5.6812265e-01
  -9.0717146e-01  -1.6586984e-01   1.9812265e-01
  -1.2717146e-01  -1.0958698e+00  -4.0187735e-01
  -6.6717146e-01  -1.0358698e+00  -3.1187735e-01
  -1.1771715e+00  -9.6586984e-01  -2.2187735e-01
   8.8282854e-01   3.3413016e-01  -1.2187735e-01
   9.2828536e-02  -7.4586984e-01   6.8122653e-02
  -3.9717146e-01   1.1341302e+00   5.6812265e-01
  -8.6717146e-01  -1.8586984e-01   1.9812265e-01
  -9.7171464e-02  -1.0358698e+00  -4.1187735e-01
  -6.4717146e-01  -1.0758698e+00  -3.0187735e-01
  -1.1571715e+00  -9.8586984e-01  -2.2187735e-01
   9.2282854e-01   4.3413016e-01  -1.3187735e-01
   1.2282854e-01  -7.0586984e-01   6.8122653e-02
  -8.4717146e-01  -2.4586984e-01   2.0812265e-01
  -1.7171464e-02  -9.5586984e-01  -4.2187735e-01
  -5.8717146e-01  -1.1158698e+00  -3.0187735e-01
  -1.0971715e+00  -1.0158698e+00  -2.2187735e-01
  -1.5471715e+00  -5.6586984e-01  -1.7187735e-01
   1.0228285e+00   5.6413016e-01  -1.5187735e-01
   2.0282854e-01  -6.1586984e-01   5.8122653e-02
  -7.8717146e-01  -2.7586984e-01   2.0812265e-01
   2.8285357e-03  -9.4586984e-01  -4.2187735e-01
  -5.6717146e-01  -1.1358698e+00  -3.0187735e-01
  -1.0771715e+00  -1.0758698e+00  -2.1187735e-01
  -1.5271715e+00  -5.8586984e-01  -1.7187735e-01
   1.0728285e+00   6.6413016e-01  -1.6187735e-01
   2.4282854e-01  -5.2586984e-01   4.8122653e-02
  -2.3717146e-01   1.4041302e+00   5.4812265e-01
  -7.6717146e-01  -2.9586984e-01   2.0812265e-01
   4.2828536e-02  -8.5586984e-01  -4.3187735e-01
  -5.4717146e-01  -1.1458698e+00  -3.0187735e-01
  -1.0571715e+00  -1.0758698e+00  -2.1187735e-01
  -1.5071715e+00  -6.0586984e-01  -1.7187735e-01
   1.1228285e+00   7.6413016e-01  -1.7187735e-01
   2.7282854e-01  -4.6586984e-01   4.8122653e-02
  -2.0717146e-01   1.4241302e+00   5.4812265e-01
  -1.6717146e-01  -8.6586984e-01   1.7812265e-01
  -7.4717146e-01  -3.1586984e-01   2.0812265e-01
   1.3282854e-01  -6.8586984e-01  -4.5187735e-01
  -4.8717146e-01  -1.1558698e+00  -3.0187735e-01
  -9.9717146e-01  -1.0958698e+00  -2.1187735e-01
  -1.4471715e+00  -6.4586984e-01  -1.6187735e-01
   1.2228285e+00   9.0413016e-01  -1.8187735e-01
   3.7282854e-01  -3.0586984e-01   2.8122653e-02
  -9.7171464e-02  -8.3586984e-01   1.7812265e-01
  -6.8717146e-01  -3.7586984e-01   2.0812265e-01
   1.6282854e-01  -6.6586984e-01  -4.6187735e-01
  -4.6717146e-01  -1.1558698e+00  -3.0187735e-01
  -9.7717146e-01  -1.1058698e+00  -2.1187735e-01
  -1.4171715e+00  -6.0586984e-01  -1.7187735e-01
   4.2282854e-01   7.7413016e-01   4.7812265e-01
   1.2628285e+00   9.5413016e-01  -1.9187735e-01
   4.0282854e-01  -2.3586984e-01   1.8122653e-02
  -6.5717146e-01  -3.8586984e-01   2.0812265e-01
   1.9282854e-01  -5.9586984e-01  -4.7187735e-01
  -4.4717146e-01  -1.1958698e+00  -2.9187735e-01
  -9.4717146e-01  -1.0558698e+00  -2.2187735e-01
  -1.3971715e+00  -6.3586984e-01  -1.6187735e-01
   4.4282854e-01   7.4413016e-01   4.7812265e-01
   1.2928285e+00   9.8413016e-01  -1.9187735e-01
   4.4282854e-01  -1.5586984e-01   1.8122653e-02
  -6.3717146e-01  -4.0586984e-01   2.0812265e-01
   2.9282854e-01  -4.3586984e-01  -4.9187735e-01
  -3.8717146e-01  -1.2358698e+00  -2.9187735e-01
  -8.7717146e-01  -9.5586984e-01  -2.3187735e-01
  -1.3371715e+00  -6.8586984e-01  -1.6187735e-01
   5.1282854e-01   7.2413016e-01   4.7812265e-01
   1.4228285e+00   1.2041302e+00  -2.2187735e-01
   5.4282854e-01  -1.5869837e-02  -1.8773467e-03
  -5.7717146e-01  -4.3586984e-01   2.1812265e-01
   3.6282854e-01  -1.9586984e-01  -5.2187735e-01
  -3.6717146e-01  -1.2358698e+00  -2.9187735e-01
  -8.5717146e-01  -9.7586984e-01  -2.3187735e-01
  -1.3171715e+00  -6.9586984e-01  -1.6187735e-01
   5.5282854e-01   7.8413016e-01   4.7812265e-01
   1.4828285e+00   1.3441302e+00  -2.3187735e-01
   5.8282854e-01   6.4130163e-02  -1.8773467e-03
  -5.5717146e-01  -4.3586984e-01   2.1812265e-01
  -3.4717146e-01  -1.2258698e+00  -2.9187735e-01
  -8.3717146e-01  -9.8586984e-01  -2.3187735e-01
  -1.2971715e+00  -7.0586984e-01  -1.6187735e-01
   5.5282854e-01   6.7413016e-01   4.7812265e-01
   1.5228285e+00   1.4341302e+00  -2.4187735e-01
   6.1282854e-01   1.1413016e-01  -1.1877347e-02
  -5.3717146e-01  -4.6586984e-01   2.1812265e-01
  -9.9717146e-01   8.8413016e-01   2.0812265e-01
  -2.8717146e-01  -1.2458698e+00  -2.9187735e-01
  -7.6717146e-01  -9.8586984e-01  -2.3187735e-01
  -1.2371715e+00  -7.5586984e-01  -1.5187735e-01
   5.4282854e-01   2.5413016e-01   5.0812265e-01
   1.6628285e+00   1.6541302e+00  -2.6187735e-01
   7.1282854e-01   2.3413016e-01  -2.1877347e-02
   2.8285357e-03   6.1413016e-01   5.7812265e-01
   1.0282854e-01  -9.0586984e-01   1.7812265e-01
  -4.6717146e-01  -4.6586984e-01   2.1812265e-01
  -9.3717146e-01   7.3413016e-01   2.1812265e-01
  -2.5717146e-01  -1.2158698e+00  -2.9187735e-01
  -7.4717146e-01  -9.8586984e-01  -2.3187735e-01
  -1.2071715e+00  -7.6586984e-01  -1.5187735e-01
   5.7282854e-01   2.8413016e-01   4.9812265e-01
   1.7128285e+00   1.7541302e+00  -2.7187735e-01
   7.5282854e-01   3.1413016e-01  -3.1877347e-02
   1.3282854e-01  -8.8586984e-01   1.7812265e-01
  -4.4717146e-01  -4.8586984e-01   2.1812265e-01
  -9.3717146e-01   5.1413016e-01   2.3812265e-01
  -2.3717146e-01  -1.2058698e+00  -3.0187735e-01
  -7.2717146e-01  -1.0158698e+00  -2.2187735e-01
  -1.1871715e+00  -7.8586984e-01  -1.5187735e-01
   1.7528285e+00   1.8041302e+00  -2.8187735e-01
   7.9282854e-01   3.8413016e-01  -4.1877347e-02
   1.5282854e-01  -8.8586984e-01   1.7812265e-01
  -4.2717146e-01  -4.9586984e-01   2.1812265e-01
  -9.1717146e-01   3.9413016e-01   2.4812265e-01
  -1.6717146e-01  -1.1558698e+00  -3.0187735e-01
  -6.6717146e-01  -1.0158698e+00  -2.3187735e-01
  -1.1271715e+00  -8.3586984e-01  -1.5187735e-01
   1.5628285e+00   1.7841302e+00   3.1812265e-01
   1.8628285e+00   1.9441302e+00  -2.9187735e-01
   8.9282854e-01   5.2413016e-01  -5.1877347e-02
  -3.8717146e-01   1.1741302e+00   6.5812265e-01
   2.3282854e-01  -8.0586984e-01   1.6812265e-01
  -3.6717146e-01  -5.0586984e-01   2.1812265e-01
  -8.5717146e-01   3.1413016e-01   2.4812265e-01
  -1.3717146e-01  -1.1258698e+00  -3.1187735e-01
  -6.4717146e-01  -1.0158698e+00  -2.3187735e-01
  -1.1071715e+00  -8.6586984e-01  -1.4187735e-01
   1.9328285e+00   2.1241302e+00  -3.1187735e-01
   9.4282854e-01   6.3413016e-01  -6.1877347e-02
   1.4282854e-01   5.9413016e-01   5.7812265e-01
  -3.6717146e-01   1.1141302e+00   6.5812265e-01
   2.7282854e-01  -7.2586984e-01   1.5812265e-01
  -3.3717146e-01  -5.0586984e-01   2.1812265e-01
  -8.3717146e-01   2.9413016e-01   2.4812265e-01
  -8.7171464e-02  -1.1058698e+00  -3.1187735e-01
  -6.0717146e-01  -1.0558698e+00  -2.2187735e-01
  -1.0671715e+00  -8.7586984e-01  -1.4187735e-01
  -1.5271715e+00  -2.6586984e-01  -1.1187735e-01
   1.6828285e+00   1.9341302e+00   3.0812265e-01
   1.0028285e+00   7.0413016e-01  -7.1877347e-02
   1.9282854e-01   5.7413016e-01   5.7812265e-01
  -3.2717146e-01   1.0741302e+00   6.5812265e-01
  -2.9717146e-01  -5.1586984e-01   2.1812265e-01
  -7.8717146e-01   2.9413016e-01   2.4812265e-01
  -2.7171464e-02  -1.0058698e+00  -3.2187735e-01
  -5.6717146e-01  -1.0758698e+00  -2.2187735e-01
  -1.0271715e+00  -9.0586984e-01  -1.4187735e-01
  -1.4671715e+00  -1.7586984e-01  -1.2187735e-01
   1.7728285e+00   2.0841302e+00   2.9812265e-01
   1.0928285e+00   8.8413016e-01  -8.1877347e-02
   2.3282854e-01   5.5413016e-01   5.8812265e-01
  -2.8717146e-01   1.0041302e+00   6.5812265e-01
  -2.5717146e-01  -5.2586984e-01   2.1812265e-01
  -7.1714643e-03  -9.7586984e-01  -3.3187735e-01
  -5.4717146e-01  -1.0958698e+00  -2.2187735e-01
  -1.0071715e+00  -9.2586984e-01  -1.4187735e-01
  -1.4571715e+00  -2.3586984e-01  -1.1187735e-01
   1.8228285e+00   2.1841302e+00   2.8812265e-01
   1.1428285e+00   9.6413016e-01  -9.1877347e-02
   2.5282854e-01   5.3413016e-01   5.8812265e-01
  -2.5717146e-01   9.8413016e-01   6.5812265e-01
  -2.2717146e-01  -5.1586984e-01   2.1812265e-01
  -7.2717146e-01   1.6413016e-01   2.5812265e-01
   4.2828536e-02  -9.2586984e-01  -3.4187735e-01
  -5.0717146e-01  -1.1158698e+00  -2.2187735e-01
  -9.6717146e-01  -9.0586984e-01  -1.4187735e-01
  -1.4071715e+00  -2.0586984e-01  -1.2187735e-01
   1.9028285e+00   2.3041302e+00   2.7812265e-01
   1.2128285e+00   1.0441302e+00  -1.0187735e-01
   3.0282854e-01   5.1413016e-01   5.8812265e-01
  -2.1717146e-01   9.4413016e-01   6.5812265e-01
  -1.8717146e-01  -5.3586984e-01   2.1812265e-01
  -6.8717146e-01   1.3413016e-01   2.5812265e-01
   1.2282854e-01  -7.4586984e-01  -3.6187735e-01
  -4.6717146e-01  -1.1458698e+00  -2.1187735e-01
  -9.2717146e-01  -9.4586984e-01  -1.4187735e-01
   1.2928285e+00   1.1841302e+00  -1.1187735e-01
   3.5282854e-01   5.0413016e-01   5.8812265e-01
  -1.7717146e-01   9.0413016e-01   6.6812265e-01
   5.6282854e-01  -2.6586984e-01   1.1812265e-01
  -1.3717146e-01  -5.2586984e-01   2.1812265e-01
  -6.4717146e-01   1.0413016e-01   2.5812265e-01
   1.5282854e-01  -6.8586984e-01  -3.7187735e-01
  -4.4717146e-01  -1.1258698e+00  -2.2187735e-01
  -9.0717146e-01  -9.6586984e-01  -1.4187735e-01
  -1.3571715e+00  -4.4586984e-01  -9.1877347e-02
   1.3328285e+00   1.2541302e+00  -1.2187735e-01
   3.7282854e-01   4.8413016e-01   5.8812265e-01
  -1.4717146e-01   8.8413016e-01   6.6812265e-01
   5.9282854e-01  -2.1586984e-01   1.1812265e-01
  -1.1717146e-01  -5.2586984e-01   2.1812265e-01
  -6.2717146e-01   8.4130163e-02   2.6812265e-01
   2.1282854e-01  -6.1586984e-01  -3.7187735e-01
  -4.0717146e-01  -1.1758698e+00  -2.1187735e-01
  -8.5717146e-01  -9.6586984e-01  -1.4187735e-01
   1.4028285e+00   1.3341302e+00  -1.3187735e-01
   4.1282854e-01   4.5413016e-01   5.8812265e-01
  -1.0717146e-01   8.4413016e-01   6.6812265e-01
   6.5282854e-01  -1.5586984e-01   1.0812265e-01
  -7.7171464e-02  -5.1586984e-01   2.1812265e-01
  -5.7717146e-01   6.4130163e-02   2.6812265e-01
   2.7282854e-01  -5.3586984e-01  -3.8187735e-01
  -3.5717146e-01  -1.1458698e+00  -2.2187735e-01
  -8.2717146e-01  -1.0058698e+00  -1.3187735e-01
   1.2728285e+00   1.3441302e+00   4.3812265e-01
   1.5128285e+00   1.5541302e+00  -1.5187735e-01
   4.5282854e-01   4.1413016e-01   5.8812265e-01
  -6.7171464e-02   8.0413016e-01   6.6812265e-01
   7.2282854e-01  -7.5869837e-02   9.8122653e-02
  -2.7171464e-02  -5.1586984e-01   2.0812265e-01
  -5.3717146e-01   1.4130163e-02   2.6812265e-01
   3.4282854e-01  -3.7586984e-01  -4.1187735e-01
  -3.1717146e-01  -1.1458698e+00  -2.2187735e-01
  -7.7717146e-01  -1.0058698e+00  -1.3187735e-01
   1.3728285e+00   1.5441302e+00   4.2812265e-01
   1.6028285e+00   1.7241302e+00  -1.7187735e-01
   4.9282854e-01   3.7413016e-01   5.8812265e-01
  -1.7171464e-02   7.9413016e-01   6.6812265e-01
   7.7282854e-01  -2.5869837e-02   9.8122653e-02
   2.2828536e-02  -4.8586984e-01   2.0812265e-01
  -4.9717146e-01  -1.5869837e-02   2.6812265e-01
  -9.7717146e-01   9.7413016e-01   3.2812265e-01
   3.9282854e-01  -2.5586984e-01  -4.2187735e-01
  -2.9717146e-01  -1.1158698e+00  -2.2187735e-01
  -7.5717146e-01  -1.0158698e+00  -1.3187735e-01
  -1.2171715e+00  -6.4586984e-01  -7.1877347e-02
   1.6428285e+00   1.7741302e+00  -1.7187735e-01
   2.8285357e-03   7.6413016e-01   6.6812265e-01
   8.0282854e-01  -2.5869837e-02   9.8122653e-02
   4.2828536e-02  -4.8586984e-01   2.0812265e-01
  -4.7717146e-01  -2.5869837e-02   2.6812265e-01
  -9.5717146e-01   9.3413016e-01   3.3812265e-01
   4.6282854e-01  -1.0586984e-01  -4.4187735e-01
  -7.2717146e-01  -1.0658698e+00  -1.3187735e-01
  -1.1771715e+00  -6.7586984e-01  -7.1877347e-02
   1.7528285e+00   2.0141302e+00  -2.0187735e-01
   5.5282854e-01   2.7413016e-01   5.8812265e-01
   4.2828536e-02   7.2413016e-01   6.6812265e-01
   8.8282854e-01   1.3413016e-01   7.8122653e-02
   9.2828536e-02  -4.8586984e-01   2.0812265e-01
  -4.2717146e-01  -5.5869837e-02   2.6812265e-01
  -9.0717146e-01   8.8413016e-01   3.3812265e-01
   5.2282854e-01  -3.5869837e-02  -4.5187735e-01
  -1.9717146e-01  -1.0458698e+00  -2.3187735e-01
  -6.8717146e-01  -1.1058698e+00  -1.2187735e-01
  -1.1371715e+00  -7.4586984e-01  -7.1877347e-02
   1.8128285e+00   2.0341302e+00  -2.0187735e-01
   6.0282854e-01   3.0413016e-01   5.8812265e-01
   9.2828536e-02   7.2413016e-01   6.6812265e-01
   9.3282854e-01   1.7413016e-01   7.8122653e-02
   1.3282854e-01  -4.9586984e-01   2.0812265e-01
  -3.8717146e-01  -7.5869837e-02   2.6812265e-01
  -8.6717146e-01   8.2413016e-01   3.3812265e-01
   5.6282854e-01   4.4130163e-02  -4.6187735e-01
  -1.7717146e-01  -1.0458698e+00  -2.3187735e-01
  -6.6717146e-01  -1.1158698e+00  -1.2187735e-01
  -1.1171715e+00  -7.3586984e-01  -7.1877347e-02
   1.8628285e+00   2.1041302e+00  -2.0187735e-01
   1.1282854e-01   6.9413016e-01   6.6812265e-01
   1.5282854e-01  -5.1586984e-01   2.0812265e-01
  -3.6717146e-01  -8.5869837e-02   2.6812265e-01
  -8.4717146e-01   7.5413016e-01   3.4812265e-01
   6.6282854e-01   1.7413016e-01  -4.8187735e-01
  -9.7171464e-02  -9.5586984e-01  -2.4187735e-01
  -1.0371715e+00  -6.2586984e-01  -8.1877347e-02
   2.0228285e+00   2.4241302e+00  -2.4187735e-01
   1.8282854e-01   6.6413016e-01   6.6812265e-01
   2.3282854e-01  -4.7586984e-01   2.0812265e-01
  -2.9717146e-01  -9.5869837e-02   2.6812265e-01
  -7.7717146e-01   7.7413016e-01   3.3812265e-01
   6.9282854e-01   2.5413016e-01  -4.9187735e-01
  -7.7171464e-02  -9.5586984e-01  -2.4187735e-01
  -1.0171715e+00  -6.2586984e-01  -8.1877347e-02
   1.7928285e+00   2.1641302e+00   3.8812265e-01
   2.0282854e-01   6.5413016e-01   6.6812265e-01
   1.1528285e+00   6.1413016e-01   3.8122653e-02
   2.6282854e-01  -4.3586984e-01   1.9812265e-01
  -2.7717146e-01  -8.5869837e-02   2.6812265e-01
  -7.4717146e-01   7.8413016e-01   3.3812265e-01
  -4.7171464e-02  -9.2586984e-01  -2.5187735e-01
  -5.5717146e-01  -1.1258698e+00  -1.2187735e-01
  -9.9717146e-01  -7.0586984e-01  -7.1877347e-02
   1.8528285e+00   2.3041302e+00   3.7812265e-01
   2.2282854e-01   6.2413016e-01   6.6812265e-01
   1.2028285e+00   7.1413016e-01   2.8122653e-02
   2.9282854e-01  -3.8586984e-01   1.9812265e-01
  -2.5717146e-01  -1.2586984e-01   2.7812265e-01
   3.2828536e-02  -8.7586984e-01  -2.6187735e-01
  -4.9717146e-01  -1.1758698e+00  -1.2187735e-01
  -9.3717146e-01  -7.1586984e-01  -7.1877347e-02
   3.0282854e-01   6.2413016e-01   6.6812265e-01
   1.3228285e+00   8.8413016e-01   1.8122653e-02
   3.9282854e-01  -2.1586984e-01   1.8812265e-01
  -1.8717146e-01  -1.2586984e-01   2.6812265e-01
   7.2828536e-02  -7.6586984e-01  -2.7187735e-01
  -4.7717146e-01  -1.1958698e+00  -1.2187735e-01
  -9.0717146e-01  -6.7586984e-01  -7.1877347e-02
   3.1282854e-01   5.8413016e-01   6.6812265e-01
   1.3528285e+00   9.2413016e-01   8.1226533e-03
   4.2282854e-01  -1.4586984e-01   1.7812265e-01
  -1.6717146e-01  -1.4586984e-01   2.7812265e-01
   9.2828536e-02  -7.6586984e-01  -2.7187735e-01
  -4.5717146e-01  -1.1958698e+00  -1.2187735e-01
  -8.9717146e-01  -7.8586984e-01  -6.1877347e-02
   3.4282854e-01   5.7413016e-01   6.6812265e-01
   1.4028285e+00   1.0341302e+00  -1.8773467e-03
   4.6282854e-01  -7.5869837e-02   1.6812265e-01
  -1.4717146e-01  -1.5586984e-01   2.7812265e-01
   1.8282854e-01  -6.1586984e-01  -2.9187735e-01
  -3.9717146e-01  -1.1658698e+00  -1.2187735e-01
  -8.3717146e-01  -7.6586984e-01  -7.1877347e-02
   4.1282854e-01   5.6413016e-01   6.6812265e-01
   1.5228285e+00   1.2041302e+00  -1.1877347e-02
   5.5282854e-01   1.4130163e-02   1.6812265e-01
  -7.7171464e-02  -1.6586984e-01   2.7812265e-01
   2.1282854e-01  -5.6586984e-01  -2.9187735e-01
  -3.7717146e-01  -1.2058698e+00  -1.2187735e-01
  -8.0717146e-01  -7.8586984e-01  -7.1877347e-02
   4.3282854e-01   5.5413016e-01   6.6812265e-01
   1.5628285e+00   1.2541302e+00  -2.1877347e-02
   5.8282854e-01   6.4130163e-02   1.5812265e-01
  -4.7171464e-02  -9.5869837e-02   2.6812265e-01
  -4.2717146e-01   1.5141302e+00   2.9812265e-01
   2.6282854e-01  -4.4586984e-01  -3.1187735e-01
  -3.5717146e-01  -1.2258698e+00  -1.2187735e-01
  -7.8717146e-01  -7.9586984e-01  -6.1877347e-02
   1.2228285e+00   1.3741302e+00   5.3812265e-01
   4.5282854e-01   5.5413016e-01   6.6812265e-01
   1.6028285e+00   1.3441302e+00  -3.1877347e-02
   6.2282854e-01   1.0413016e-01   1.5812265e-01
  -2.7171464e-02  -1.2586984e-01   2.6812265e-01
  -3.9717146e-01   1.5241302e+00   2.8812265e-01
   3.8282854e-01  -1.6586984e-01  -3.4187735e-01
  -7.2717146e-01  -7.9586984e-01  -7.1877347e-02
   5.3282854e-01   5.6413016e-01   6.6812265e-01
   1.7428285e+00   1.5941302e+00  -5.1877347e-02
   7.1282854e-01   2.1413016e-01   1.4812265e-01
  -3.1717146e-01   1.5141302e+00   2.8812265e-01
   4.2282854e-01  -7.5869837e-02  -3.5187735e-01
  -2.7717146e-01  -1.2558698e+00  -1.2187735e-01
  -7.0717146e-01  -8.4586984e-01  -6.1877347e-02
   5.5282854e-01   5.3413016e-01   6.6812265e-01
   1.8228285e+00   1.8041302e+00  -7.1877347e-02
   7.5282854e-01   2.7413016e-01   1.3812265e-01
  -2.9717146e-01   1.5241302e+00   2.8812265e-01
   4.5282854e-01  -2.5869837e-02  -3.6187735e-01
  -2.5717146e-01  -1.2658698e+00  -1.2187735e-01
  -6.8717146e-01  -8.7586984e-01  -6.1877347e-02
   5.8282854e-01   5.6413016e-01   6.6812265e-01
   1.8728285e+00   1.8841302e+00  -7.1877347e-02
   7.8282854e-01   3.3413016e-01   1.3812265e-01
   1.3282854e-01   1.5341302e+00   7.2812265e-01
  -2.6717146e-01   1.5441302e+00   2.8812265e-01
   5.4282854e-01   9.4130163e-02  -3.7187735e-01
  -1.8717146e-01  -1.2158698e+00  -1.2187735e-01
  -6.3717146e-01  -9.9586984e-01  -5.1877347e-02
   6.7282854e-01   6.6413016e-01   6.6812265e-01
   1.9528285e+00   1.8741302e+00  -8.1877347e-02
   8.8282854e-01   4.7413016e-01   1.2812265e-01
   2.0282854e-01   1.5441302e+00   7.2812265e-01
   5.8282854e-01   1.4413016e-01  -3.8187735e-01
  -1.5717146e-01  -1.1558698e+00  -1.3187735e-01
  -6.1717146e-01  -1.0058698e+00  -5.1877347e-02
   7.1282854e-01   7.3413016e-01   6.5812265e-01
   2.0128285e+00   1.9941302e+00  -9.1877347e-02
   9.2282854e-01   5.4413016e-01   1.1812265e-01
   2.3282854e-01   1.5141302e+00   7.2812265e-01
   6.1282854e-01   1.8413016e-01  -3.9187735e-01
  -1.2717146e-01  -1.1358698e+00  -1.3187735e-01
  -5.9717146e-01  -9.8586984e-01  -5.1877347e-02
   1.6528285e+00   2.1241302e+00   4.9812265e-01
   7.5282854e-01   7.9413016e-01   6.5812265e-01
   2.0528285e+00   2.0541302e+00  -9.1877347e-02
   9.6282854e-01   6.0413016e-01   1.0812265e-01
   2.4282854e-01   1.4641302e+00   7.3812265e-01
   7.2282854e-01   3.5413016e-01  -4.1187735e-01
  -5.7171464e-02  -1.0658698e+00  -1.4187735e-01
  -5.1717146e-01  -9.0586984e-01  -6.1877347e-02
   8.4282854e-01   8.8413016e-01   6.5812265e-01
   1.0728285e+00   7.6413016e-01   9.8122653e-02
   3.1282854e-01   1.4141302e+00   7.3812265e-01
  -6.7171464e-02   1.5041302e+00   2.8812265e-01
   7.5282854e-01   4.1413016e-01  -4.1187735e-01
  -3.7171464e-02  -1.0558698e+00  -1.4187735e-01
   8.9282854e-01   1.0041302e+00   6.4812265e-01
   1.1228285e+00   8.6413016e-01   8.8122653e-02
   3.3282854e-01   1.3941302e+00   7.3812265e-01
  -4.7171464e-02   1.4741302e+00   2.8812265e-01
   8.2282854e-01   4.9413016e-01  -4.2187735e-01
   2.2828536e-02  -9.6586984e-01  -1.5187735e-01
  -4.5717146e-01  -9.4586984e-01  -6.1877347e-02
   1.1928285e+00   9.3413016e-01   8.8122653e-02
   3.8282854e-01   1.3641302e+00   7.3812265e-01
   2.8285357e-03   1.4441302e+00   2.8812265e-01
   9.2282854e-01   7.4413016e-01  -4.5187735e-01
   8.2828536e-02  -9.1586984e-01  -1.6187735e-01
  -4.2717146e-01  -1.0158698e+00  -5.1877347e-02
   1.2828285e+00   1.1241302e+00   6.8122653e-02
   4.3282854e-01   1.3541302e+00   7.3812265e-01
   3.9282854e-01  -1.2586984e-01   2.6812265e-01
   5.2828536e-02   1.4741302e+00   2.8812265e-01
   9.7282854e-01   8.5413016e-01  -4.7187735e-01
   1.1282854e-01  -8.6586984e-01  -1.6187735e-01
  -4.0717146e-01  -1.0258698e+00  -5.1877347e-02
   1.3228285e+00   1.1841302e+00   5.8122653e-02
   4.5282854e-01   1.3141302e+00   7.3812265e-01
   4.2282854e-01  -9.5869837e-02   2.5812265e-01
   7.2828536e-02   1.4341302e+00   2.8812265e-01
   1.0428285e+00   9.4413016e-01  -4.8187735e-01
   1.6282854e-01  -7.8586984e-01  -1.7187735e-01
  -3.5717146e-01  -9.9586984e-01  -5.1877347e-02
   1.1528285e+00   1.3941302e+00   6.2812265e-01
   1.3928285e+00   1.2641302e+00   5.8122653e-02
   5.1282854e-01   1.3541302e+00   7.3812265e-01
   4.6282854e-01  -1.1586984e-01   2.5812265e-01
   1.5282854e-01   1.6241302e+00   2.7812265e-01
   1.1328285e+00   1.1141302e+00  -5.0187735e-01
   2.3282854e-01  -6.8586984e-01  -1.9187735e-01
  -3.1717146e-01  -9.6586984e-01  -6.1877347e-02
  -1.3717146e-01  -9.1586984e-01  -5.9187735e-01
   1.2328285e+00   1.5141302e+00   6.2812265e-01
   1.4828285e+00   1.4341302e+00   3.8122653e-02
   5.8282854e-01   1.4541302e+00   7.2812265e-01
   5.3282854e-01  -2.5869837e-02   2.5812265e-01
   1.2528285e+00   1.4541302e+00  -5.4187735e-01
   3.0282854e-01  -5.1586984e-01  -2.0187735e-01
  -2.6717146e-01  -9.4586984e-01  -6.1877347e-02
  -9.7171464e-02  -9.1586984e-01  -5.9187735e-01
   1.5628285e+00   1.5341302e+00   2.8122653e-02
   6.0282854e-01   1.2841302e+00   7.3812265e-01
   5.7282854e-01  -5.5869837e-02   2.5812265e-01
   1.2928285e+00   1.5141302e+00  -5.5187735e-01
   3.3282854e-01  -5.0586984e-01  -2.1187735e-01
  -2.4717146e-01  -9.6586984e-01  -6.1877347e-02
  -7.7171464e-02  -9.2586984e-01  -5.9187735e-01
   1.6028285e+00   1.6041302e+00   2.8122653e-02
   6.2282854e-01   1.2741302e+00   7.3812265e-01
   6.0282854e-01  -2.5869837e-02   2.5812265e-01
   1.3428285e+00   1.4941302e+00  -5.5187735e-01
   4.0282854e-01  -3.2586984e-01  -2.3187735e-01
  -3.7171464e-02  -9.3586984e-01  -5.9187735e-01
   1.4528285e+00   1.8941302e+00   6.0812265e-01
   1.6928285e+00   1.7541302e+00   1.8122653e-02
   6.7282854e-01   1.2841302e+00   7.3812265e-01
   1.4128285e+00   1.5541302e+00  -5.5187735e-01
   4.6282854e-01  -2.6586984e-01  -2.3187735e-01
   1.2828536e-02  -9.3586984e-01  -5.9187735e-01
   1.5228285e+00   1.9641302e+00   6.0812265e-01
   7.3282854e-01   1.2941302e+00   7.3812265e-01
   6.9282854e-01  -2.5869837e-02   2.4812265e-01
   1.4328285e+00   1.5541302e+00  -5.6187735e-01
   5.0282854e-01  -1.8586984e-01  -2.4187735e-01
  -1.6717146e-01  -1.1158698e+00  -4.1877347e-02
   3.2828536e-02  -9.5586984e-01  -5.9187735e-01
   1.5728285e+00   2.0741302e+00   5.9812265e-01
   1.8328285e+00   1.9841302e+00  -1.8773467e-03
   2.9282854e-01   8.5413016e-01   3.2812265e-01
   1.4928285e+00   1.5841302e+00  -5.6187735e-01
   5.7282854e-01  -4.5869837e-02  -2.6187735e-01
  -1.0717146e-01  -1.0358698e+00  -5.1877347e-02
   9.2828536e-02  -8.3586984e-01  -6.0187735e-01
   1.9528285e+00   2.2441302e+00  -3.1877347e-02
   8.1282854e-01   1.3041302e+00   7.3812265e-01
   2.6282854e-01   4.0413016e-01   3.4812265e-01
   1.5628285e+00   1.6241302e+00  -5.7187735e-01
   6.2282854e-01  -3.5869837e-02  -2.6187735e-01
  -5.7171464e-02  -9.8586984e-01  -6.1877347e-02
   2.0528285e+00   2.3941302e+00  -4.1877347e-02
   8.7282854e-01   1.3341302e+00   7.2812265e-01
   3.8282854e-01   8.1413016e-01   3.2812265e-01
   1.6228285e+00   1.7841302e+00  -5.9187735e-01
   6.6282854e-01   2.4130163e-02  -2.7187735e-01
  -2.7171464e-02  -9.6586984e-01  -6.1877347e-02
   9.0282854e-01   1.3741302e+00   7.2812265e-01
   1.0128285e+00   8.3413016e-01   1.8812265e-01
   4.0282854e-01   8.1413016e-01   3.2812265e-01
   7.6282854e-01   1.7413016e-01  -2.8187735e-01
   4.2828536e-02  -9.1586984e-01  -7.1877347e-02
   9.8282854e-01   1.3741302e+00   7.2812265e-01
   1.1128285e+00   9.3413016e-01   1.7812265e-01
   4.6282854e-01   7.4413016e-01   3.2812265e-01
   8.0282854e-01   2.6413016e-01  -3.0187735e-01
   8.2828536e-02  -8.4586984e-01  -7.1877347e-02
   1.0228285e+00   1.4841302e+00   7.2812265e-01
   1.1328285e+00   9.0413016e-01   1.7812265e-01
   8.4282854e-01   3.2413016e-01  -3.0187735e-01
   1.1282854e-01  -7.8586984e-01  -8.1877347e-02
   1.0628285e+00   1.5141302e+00   7.2812265e-01
   1.1728285e+00   9.8413016e-01   1.7812265e-01
   3.8282854e-01   2.4130163e-02   3.6812265e-01
   9.5282854e-01   5.2413016e-01  -3.3187735e-01
   1.9282854e-01  -6.7586984e-01  -9.1877347e-02
   1.1728285e+00   1.6641302e+00   7.1812265e-01
   1.2628285e+00   1.0441302e+00   1.6812265e-01
   4.6282854e-01   4.4130163e-02   3.6812265e-01
   1.0028285e+00   6.3413016e-01  -3.4187735e-01
   2.6282854e-01  -4.4586984e-01  -1.2187735e-01
   1.2228285e+00   1.7841302e+00   7.1812265e-01
   1.3128285e+00   1.1441302e+00   1.5812265e-01
   1.0528285e+00   7.3413016e-01  -3.5187735e-01
   2.9282854e-01  -3.9586984e-01  -1.2187735e-01
   1.3628285e+00   1.2641302e+00   1.4812265e-01
   5.0282854e-01   2.4130163e-02   3.6812265e-01
   1.1528285e+00   8.7413016e-01  -3.7187735e-01
   3.5282854e-01  -4.3586984e-01  -1.2187735e-01
   1.3928285e+00   2.0841302e+00   6.9812265e-01
   1.4828285e+00   1.4141302e+00   1.3812265e-01
   5.6282854e-01  -1.5869837e-02   3.6812265e-01
   1.2028285e+00   9.8413016e-01  -3.8187735e-01
   3.9282854e-01  -3.3586984e-01  -1.3187735e-01
   1.5428285e+00   1.5541302e+00   1.2812265e-01
   5.9282854e-01  -5.8698373e-03   3.6812265e-01
   1.2428285e+00   1.0541302e+00  -3.9187735e-01
   4.2282854e-01  -3.1586984e-01  -1.3187735e-01
   1.6028285e+00   1.7341302e+00   1.1812265e-01
   6.2282854e-01   5.4130163e-02   3.6812265e-01
   1.3528285e+00   1.1741302e+00  -4.0187735e-01
   5.2282854e-01  -1.5586984e-01  -1.5187735e-01
   1.7328285e+00   1.9041302e+00   9.8122653e-02
   1.4028285e+00   1.2741302e+00  -4.1187735e-01
   5.5282854e-01  -1.0586984e-01  -1.6187735e-01
   1.7828285e+00   2.0041302e+00   9.8122653e-02
   1.4428285e+00   1.3341302e+00  -4.2187735e-01
   5.9282854e-01  -3.5869837e-02  -1.6187735e-01
   1.8228285e+00   2.0641302e+00   8.8122653e-02
   1.5528285e+00   1.4841302e+00  -4.4187735e-01
   6.9282854e-01   8.4130163e-02  -1.8187735e-01
   1.0228285e+00   1.0041302e+00   3.0812265e-01
   1.6128285e+00   1.6141302e+00  -4.5187735e-01
   7.2282854e-01   1.5413016e-01  -1.8187735e-01
   1.6828285e+00   1.7141302e+00  -4.7187735e-01
   7.8282854e-01   2.0413016e-01  -1.9187735e-01
   1.0928285e+00   1.0041302e+00   3.0812265e-01
   8.7282854e-01   3.6413016e-01  -2.1187735e-01
   1.1628285e+00   1.0941302e+00   2.9812265e-01
   9.1282854e-01   4.6413016e-01  -2.2187735e-01
   1.2028285e+00   1.1441302e+00   2.9812265e-01
   9.7282854e-01   5.1413016e-01  -2.3187735e-01
   1.2728285e+00   1.2241302e+00   2.8812265e-01
   1.0728285e+00   7.2413016e-01  -2.5187735e-01
   1.3628285e+00   1.3641302e+00   2.7812265e-01
   1.1328285e+00   7.9413016e-01  -2.6187735e-01
   1.4328285e+00   1.4741302e+00   2.6812265e-01
   1.1728285e+00   8.7413016e-01  -2.6187735e-01
   1.4928285e+00   1.5941302e+00   2.5812265e-01
   1.2728285e+00   1.0641302e+00  -2.8187735e-01
   1.5928285e+00   1.8041302e+00   2.4812265e-01
   1.3428285e+00   1.1341302e+00  -2.9187735e-01
   1.6728285e+00   1.9141302e+00   2.3812265e-01
   1.3928285e+00   1.2341302e+00  -3.0187735e-01
   1.7228285e+00   1.9941302e+00   2.3812265e-01
   1.4828285e+00   1.4141302e+00  -3.2187735e-01
   1.8128285e+00   2.1641302e+00   2.1812265e-01
   1.5528285e+00   1.4841302e+00  -3.3187735e-01
   1.9028285e+00   2.2841302e+00   2.1812265e-01
   1.6128285e+00   1.6041302e+00  -3.4187735e-01
   1.7228285e+00   1.7541302e+00  -3.6187735e-01
   1.7728285e+00   1.8341302e+00  -3.7187735e-01
   1.8328285e+00   1.9841302e+00  -3.9187735e-01
