  -1.4980964e+00  -1.8494712e-01   4.9341951e-02
  -1.4180964e+00  -2.6494712e-01   4.9341951e-02
  -1.3980964e+00  -4.1494712e-01   6.9341951e-02
  -1.5480964e+00  -4.7494712e-01  -4.2065805e-01
  -1.5080964e+00  -4.6494712e-01  -4.2065805e-01
  -1.4880964e+00  -5.3494712e-01  -4.1065805e-01
  -1.4480964e+00  -5.5494712e-01  -4.1065805e-01
  -1.3480964e+00  -6.5494712e-01  -4.0065805e-01
  -1.3080964e+00  -6.6494712e-01  -3.9065805e-01
  -1.2680964e+00  -6.8494712e-01  -3.9065805e-01
  -1.2480964e+00  -6.8494712e-01  -3.9065805e-01
  -1.1880964e+00  -7.4494712e-01  -3.9065805e-01
  -1.1680964e+00  -8.4494712e-01  -3.7065805e-01
  -1.1480964e+00  -8.6494712e-01  -3.7065805e-01
  -1.6280964e+00  -3.6494712e-01  -3.5065805e-01
  -1.4680964e+00  -1.3494712e-01   1.1934195e-01
  -1.0880964e+00  -9.0494712e-01  -3.7065805e-01
  -1.5680964e+00  -3.7494712e-01  -3.5065805e-01
  -1.4080964e+00  -1.7494712e-01   1.2934195e-01
  -1.0780964e+00  -9.5494712e-01  -3.6065805e-01
  -1.5480964e+00  -5.0494712e-01  -3.3065805e-01
  -8.9809636e-01  -9.9494712e-01   1.1934195e-01
  -1.3780964e+00  -1.7494712e-01   1.2934195e-01
  -1.0580964e+00  -9.7494712e-01  -3.6065805e-01
  -1.5280964e+00  -5.7494712e-01  -3.3065805e-01
  -1.3580964e+00  -1.5494712e-01   1.1934195e-01
  -9.9809636e-01  -1.0149471e+00  -3.5065805e-01
  -1.4680964e+00  -6.3494712e-01  -3.2065805e-01
  -1.2980964e+00  -1.9494712e-01   1.2934195e-01
  -9.7809636e-01  -1.0249471e+00  -3.5065805e-01
  -1.4480964e+00  -6.6494712e-01  -3.2065805e-01
  -1.2780964e+00  -2.7494712e-01   1.3934195e-01
  -9.5809636e-01  -1.0349471e+00  -3.5065805e-01
  -1.4280964e+00  -6.8494712e-01  -3.1065805e-01
  -1.2580964e+00  -3.2494712e-01   1.3934195e-01
  -1.3680964e+00  -7.4494712e-01  -3.1065805e-01
  -1.1980964e+00  -4.4494712e-01   1.4934195e-01
  -8.7809636e-01  -9.9494712e-01  -3.6065805e-01
  -1.3480964e+00  -7.7494712e-01  -3.0065805e-01
  -1.1780964e+00  -4.4494712e-01   1.4934195e-01
  -1.3280964e+00  -7.9494712e-01  -3.0065805e-01
  -1.1680964e+00  -4.9494712e-01   1.4934195e-01
  -7.8809636e-01  -9.3494712e-01  -3.7065805e-01
  -1.2680964e+00  -8.2494712e-01  -3.0065805e-01
  -6.6809636e-01   8.9505288e-01   4.4934195e-01
  -1.1080964e+00  -5.5494712e-01   1.5934195e-01
  -7.6809636e-01  -9.1494712e-01  -3.7065805e-01
  -1.2480964e+00  -8.6494712e-01  -2.9065805e-01
  -6.4809636e-01   8.9505288e-01   4.4934195e-01
  -1.0880964e+00  -5.6494712e-01   1.5934195e-01
  -7.1809636e-01  -8.0494712e-01  -3.8065805e-01
  -1.2180964e+00  -9.8494712e-01  -2.8065805e-01
  -5.9809636e-01   9.0505288e-01   4.4934195e-01
  -1.0480964e+00  -6.1494712e-01   1.5934195e-01
  -6.6809636e-01  -7.2494712e-01  -3.9065805e-01
  -1.1780964e+00  -1.0849471e+00  -2.6065805e-01
  -5.1809636e-01  -1.0649471e+00   1.1934195e-01
  -1.0080964e+00  -7.3494712e-01   1.6934195e-01
  -6.4809636e-01  -7.2494712e-01  -4.0065805e-01
  -1.1580964e+00  -1.0949471e+00  -2.6065805e-01
  -1.6480964e+00  -3.7494712e-01  -2.7065805e-01
  -4.9809636e-01  -1.0349471e+00   1.1934195e-01
  -9.9809636e-01  -8.0494712e-01   1.7934195e-01
  -6.3809636e-01  -1.0249471e+00  -3.6065805e-01
  -1.1180964e+00  -1.1049471e+00  -2.6065805e-01
  -1.6080964e+00  -4.6494712e-01  -2.6065805e-01
  -4.5809636e-01  -1.0249471e+00   1.1934195e-01
  -9.4809636e-01  -7.3494712e-01   1.6934195e-01
  -5.8809636e-01  -9.6494712e-01  -3.7065805e-01
  -1.0780964e+00  -1.1349471e+00  -2.6065805e-01
  -1.5680964e+00  -5.4494712e-01  -2.5065805e-01
  -9.0809636e-01  -6.8494712e-01   1.6934195e-01
  -5.2809636e-01  -7.5494712e-01  -3.9065805e-01
  -1.0480964e+00  -1.1649471e+00  -2.6065805e-01
  -1.5280964e+00  -5.7494712e-01  -2.4065805e-01
  -3.3809636e-01   1.4950529e+00   4.1934195e-01
  -8.6809636e-01  -7.1494712e-01   1.6934195e-01
  -5.0809636e-01  -7.8494712e-01  -3.9065805e-01
  -1.0280964e+00  -1.1849471e+00  -2.5065805e-01
  -1.5080964e+00  -6.0494712e-01  -2.4065805e-01
  -3.1809636e-01   1.4850529e+00   4.1934195e-01
  -8.4809636e-01  -7.4494712e-01   1.6934195e-01
  -4.6809636e-01  -7.8494712e-01  -3.9065805e-01
  -9.8809636e-01  -1.1349471e+00  -2.6065805e-01
  -1.4680964e+00  -6.5494712e-01  -2.3065805e-01
  -2.6809636e-01   1.4450529e+00   4.1934195e-01
  -8.0809636e-01  -7.8494712e-01   1.6934195e-01
  -9.3809636e-01  -1.0349471e+00  -2.7065805e-01
  -1.4280964e+00  -6.7494712e-01  -2.3065805e-01
  -2.1809636e-01   1.4950529e+00   4.1934195e-01
  -2.8809636e-01  -1.1149471e+00   1.1934195e-01
  -7.6809636e-01  -7.9494712e-01   1.6934195e-01
  -4.4809636e-01  -1.1649471e+00  -3.4065805e-01
  -9.1809636e-01  -1.0449471e+00  -2.7065805e-01
  -1.4080964e+00  -7.1494712e-01  -2.3065805e-01
  -2.6809636e-01  -1.1149471e+00   1.1934195e-01
  -7.4809636e-01  -7.8494712e-01   1.6934195e-01
  -3.9809636e-01  -1.0649471e+00  -3.6065805e-01
  -8.7809636e-01  -1.0649471e+00  -2.7065805e-01
  -1.3680964e+00  -7.4494712e-01  -2.2065805e-01
  -2.1809636e-01  -1.0349471e+00   1.0934195e-01
  -7.0809636e-01  -8.1494712e-01   1.7934195e-01
  -3.5809636e-01  -1.0749471e+00  -3.5065805e-01
  -8.3809636e-01  -1.0349471e+00  -2.8065805e-01
  -1.3280964e+00  -7.6494712e-01  -2.2065805e-01
  -6.6809636e-01  -8.2494712e-01   1.7934195e-01
  -3.4809636e-01  -1.1849471e+00  -3.4065805e-01
  -8.1809636e-01  -1.0349471e+00  -2.8065805e-01
  -1.3080964e+00  -7.9494712e-01  -2.2065805e-01
  -7.8096357e-02   1.4350529e+00   4.1934195e-01
  -6.4809636e-01  -8.3494712e-01   1.7934195e-01
  -2.9809636e-01  -1.2149471e+00  -3.4065805e-01
  -7.5809636e-01  -1.0949471e+00  -2.7065805e-01
  -1.2480964e+00  -8.5494712e-01  -2.1065805e-01
  -8.0963572e-03   1.3950529e+00   4.1934195e-01
  -5.7809636e-01   9.5505288e-01   5.3934195e-01
  -5.8809636e-01  -8.3494712e-01   1.7934195e-01
  -2.7809636e-01  -1.2449471e+00  -3.3065805e-01
  -7.4809636e-01  -1.1149471e+00  -2.7065805e-01
  -1.2280964e+00  -8.8494712e-01  -2.1065805e-01
   1.1903643e-02   1.3650529e+00   4.1934195e-01
  -5.5809636e-01   9.4505288e-01   5.3934195e-01
  -5.6809636e-01  -8.2494712e-01   1.7934195e-01
  -2.5809636e-01  -1.2249471e+00  -3.4065805e-01
  -7.2809636e-01  -1.1349471e+00  -2.6065805e-01
  -1.2080964e+00  -8.6494712e-01  -2.1065805e-01
   3.1903643e-02   1.3450529e+00   4.1934195e-01
  -5.3809636e-01   9.5505288e-01   5.3934195e-01
  -5.4809636e-01  -8.3494712e-01   1.7934195e-01
  -1.9809636e-01  -1.1949471e+00  -3.4065805e-01
  -6.6809636e-01  -1.1649471e+00  -2.6065805e-01
  -1.1580964e+00  -1.0349471e+00  -1.9065805e-01
  -1.6380964e+00  -4.2494712e-01  -1.8065805e-01
   1.0190364e-01   1.3450529e+00   4.1934195e-01
  -4.8809636e-01  -8.4494712e-01   1.7934195e-01
  -1.6809636e-01  -1.1549471e+00  -3.5065805e-01
  -6.4809636e-01  -1.1749471e+00  -2.6065805e-01
  -1.1280964e+00  -1.0149471e+00  -1.9065805e-01
  -1.6180964e+00  -4.5494712e-01  -1.7065805e-01
  -4.6809636e-01  -8.4494712e-01   1.7934195e-01
  -1.4809636e-01  -1.1149471e+00  -3.5065805e-01
  -6.2809636e-01  -1.1849471e+00  -2.6065805e-01
  -1.1180964e+00  -1.0149471e+00  -1.9065805e-01
  -1.5980964e+00  -4.5494712e-01  -1.7065805e-01
  -4.4809636e-01  -8.3494712e-01   1.6934195e-01
  -6.8096357e-02  -9.9494712e-01  -3.7065805e-01
  -5.7809636e-01  -1.2049471e+00  -2.6065805e-01
  -1.0580964e+00  -1.0249471e+00  -1.9065805e-01
  -1.5280964e+00  -4.8494712e-01  -1.7065805e-01
  -2.9809636e-01   1.4750529e+00   5.0934195e-01
  -3.8809636e-01  -8.3494712e-01   1.6934195e-01
  -4.8096357e-02  -9.7494712e-01  -3.7065805e-01
  -5.5809636e-01  -1.2249471e+00  -2.6065805e-01
  -1.0380964e+00  -1.0349471e+00  -1.9065805e-01
  -1.5080964e+00  -5.2494712e-01  -1.7065805e-01
  -2.6809636e-01   1.4950529e+00   5.0934195e-01
  -3.5809636e-01  -7.9494712e-01   1.6934195e-01
  -2.8096357e-02  -9.7494712e-01  -3.7065805e-01
  -5.3809636e-01  -1.2249471e+00  -2.6065805e-01
  -1.0180964e+00  -1.0449471e+00  -1.9065805e-01
  -1.4880964e+00  -5.3494712e-01  -1.7065805e-01
  -2.4809636e-01   1.4750529e+00   5.0934195e-01
  -3.4809636e-01  -8.1494712e-01   1.6934195e-01
   5.1903643e-02  -8.3494712e-01  -3.9065805e-01
  -4.7809636e-01  -1.2549471e+00  -2.5065805e-01
  -9.5809636e-01  -1.1349471e+00  -1.8065805e-01
  -1.4280964e+00  -5.9494712e-01  -1.6065805e-01
  -1.6809636e-01   1.5750529e+00   4.9934195e-01
   2.9190364e-01  -5.2494712e-01   5.9341951e-02
  -2.8809636e-01  -8.2494712e-01   1.6934195e-01
   7.1903643e-02  -8.5494712e-01  -3.9065805e-01
  -4.5809636e-01  -1.2449471e+00  -2.6065805e-01
  -9.3809636e-01  -1.0549471e+00  -1.9065805e-01
  -1.4080964e+00  -6.2494712e-01  -1.6065805e-01
   3.2190364e-01  -4.6494712e-01   4.9341951e-02
  -2.5809636e-01  -8.0494712e-01   1.6934195e-01
  -4.3809636e-01  -1.2449471e+00  -2.6065805e-01
  -1.3880964e+00  -6.3494712e-01  -1.6065805e-01
   3.5190364e-01  -4.2494712e-01   4.9341951e-02
  -2.3809636e-01  -8.1494712e-01   1.6934195e-01
   1.8190364e-01  -6.8494712e-01  -4.2065805e-01
  -3.7809636e-01  -1.2449471e+00  -2.6065805e-01
  -8.5809636e-01  -1.0949471e+00  -1.9065805e-01
  -1.3280964e+00  -6.8494712e-01  -1.5065805e-01
   3.7190364e-01   7.2505288e-01   4.4934195e-01
   4.3190364e-01  -3.0494712e-01   2.9341951e-02
  -1.8809636e-01  -8.8494712e-01   1.7934195e-01
   2.1190364e-01  -6.0494712e-01  -4.3065805e-01
  -3.5809636e-01  -1.2349471e+00  -2.6065805e-01
  -8.3809636e-01  -1.1049471e+00  -1.9065805e-01
  -1.3180964e+00  -7.4494712e-01  -1.4065805e-01
   3.9190364e-01   7.0505288e-01   4.4934195e-01
   4.6190364e-01  -2.5494712e-01   2.9341951e-02
  -1.6809636e-01  -9.1494712e-01   1.7934195e-01
  -1.0180964e+00   4.7505288e-01   2.2934195e-01
   2.6190364e-01  -5.7494712e-01  -4.3065805e-01
  -7.9809636e-01  -1.1149471e+00  -1.9065805e-01
  -1.2680964e+00  -7.4494712e-01  -1.4065805e-01
   4.4190364e-01   7.1505288e-01   4.4934195e-01
  -7.8096357e-02   7.1505288e-01   5.4934195e-01
   5.1190364e-01  -2.3494712e-01   2.9341951e-02
  -1.2809636e-01  -8.9494712e-01   1.7934195e-01
  -9.7809636e-01   4.1505288e-01   2.2934195e-01
   3.5190364e-01  -2.7494712e-01  -4.7065805e-01
  -2.7809636e-01  -1.1949471e+00  -2.6065805e-01
  -7.5809636e-01  -1.1349471e+00  -1.8065805e-01
  -1.2380964e+00  -7.8494712e-01  -1.4065805e-01
   4.9190364e-01   7.2505288e-01   4.4934195e-01
  -3.8096357e-02   6.3505288e-01   5.4934195e-01
  -8.8096357e-02  -8.7494712e-01   1.6934195e-01
  -9.4809636e-01   3.1505288e-01   2.3934195e-01
   3.8190364e-01  -1.8494712e-01  -4.9065805e-01
  -2.4809636e-01  -1.1749471e+00  -2.7065805e-01
  -7.4809636e-01  -1.1449471e+00  -1.8065805e-01
  -1.2180964e+00  -8.3494712e-01  -1.3065805e-01
  -1.8096357e-02   5.9505288e-01   5.4934195e-01
  -5.8096357e-02  -8.3494712e-01   1.6934195e-01
  -9.2809636e-01   2.4505288e-01   2.3934195e-01
   4.4190364e-01  -1.0494712e-01  -5.0065805e-01
  -2.0809636e-01  -1.1449471e+00  -2.7065805e-01
  -7.0809636e-01  -1.1749471e+00  -1.8065805e-01
  -1.1780964e+00  -8.2494712e-01  -1.4065805e-01
   4.6190364e-01   1.2505288e-01   4.8934195e-01
   2.1903643e-02   5.6505288e-01   5.4934195e-01
  -8.0963572e-03  -7.9494712e-01   1.5934195e-01
  -8.7809636e-01   2.2505288e-01   2.3934195e-01
  -1.5809636e-01  -1.0949471e+00  -2.8065805e-01
  -6.6809636e-01  -1.1749471e+00  -1.8065805e-01
  -1.1380964e+00  -8.6494712e-01  -1.3065805e-01
  -1.5780964e+00  -3.7494712e-01  -9.0658049e-02
   7.1903643e-02   6.2505288e-01   5.4934195e-01
   4.1903643e-02  -7.0494712e-01   1.5934195e-01
  -8.3809636e-01   1.8505288e-01   2.4934195e-01
  -1.3809636e-01  -1.0549471e+00  -2.8065805e-01
  -6.4809636e-01  -1.1849471e+00  -1.8065805e-01
  -1.1180964e+00  -8.8494712e-01  -1.3065805e-01
  -1.5580964e+00  -3.3494712e-01  -1.0065805e-01
   9.1903643e-02   6.0505288e-01   5.4934195e-01
   7.9190364e-01   3.5505288e-01  -3.0658049e-02
   7.1903643e-02  -6.5494712e-01   1.4934195e-01
  -8.1809636e-01   2.1505288e-01   2.4934195e-01
  -8.8096357e-02  -9.9494712e-01  -2.9065805e-01
  -6.0809636e-01  -1.1949471e+00  -1.8065805e-01
  -1.0780964e+00  -9.0494712e-01  -1.3065805e-01
  -1.5080964e+00  -2.8494712e-01  -1.0065805e-01
   1.3190364e-01   5.5505288e-01   5.4934195e-01
   1.2190364e-01  -6.0494712e-01   1.4934195e-01
  -7.7809636e-01   1.8505288e-01   2.4934195e-01
  -3.8096357e-02  -9.6494712e-01  -3.0065805e-01
  -5.6809636e-01  -1.2249471e+00  -1.8065805e-01
  -1.0380964e+00  -8.9494712e-01  -1.3065805e-01
   1.8190364e-01   5.8505288e-01   5.4934195e-01
   9.1190364e-01   5.3505288e-01  -5.0658049e-02
   1.7190364e-01  -5.0494712e-01   1.3934195e-01
  -3.5809636e-01   8.9505288e-01   6.2934195e-01
  -7.3809636e-01   1.5505288e-01   2.4934195e-01
   1.1903643e-02  -8.4494712e-01  -3.1065805e-01
  -5.2809636e-01  -1.2149471e+00  -1.8065805e-01
  -9.9809636e-01  -9.4494712e-01  -1.2065805e-01
   2.2190364e-01   5.7505288e-01   5.4934195e-01
   9.6190364e-01   5.6505288e-01  -6.0658049e-02
   2.2190364e-01  -4.6494712e-01   1.2934195e-01
  -3.0809636e-01   8.7505288e-01   6.2934195e-01
  -6.9809636e-01   1.0505288e-01   2.4934195e-01
   4.1903643e-02  -7.7494712e-01  -3.2065805e-01
  -5.0809636e-01  -1.2149471e+00  -1.8065805e-01
  -9.7809636e-01  -9.5494712e-01  -1.2065805e-01
   2.5190364e-01   5.7505288e-01   5.4934195e-01
   9.9190364e-01   6.0505288e-01  -6.0658049e-02
   2.5190364e-01  -4.1494712e-01   1.2934195e-01
  -2.8809636e-01   8.6505288e-01   6.2934195e-01
  -6.7809636e-01   8.5052879e-02   2.4934195e-01
   1.0190364e-01  -6.6494712e-01  -3.4065805e-01
  -4.7809636e-01  -1.2349471e+00  -1.8065805e-01
  -9.3809636e-01  -9.2494712e-01  -1.3065805e-01
  -1.3680964e+00  -4.9494712e-01  -8.0658049e-02
   2.9190364e-01   5.3505288e-01   5.4934195e-01
   1.0619036e+00   7.1505288e-01  -7.0658049e-02
   3.1190364e-01  -3.2494712e-01   1.1934195e-01
  -2.4809636e-01   8.2505288e-01   6.2934195e-01
  -6.3809636e-01   4.5052879e-02   2.5934195e-01
   1.5190364e-01  -6.1494712e-01  -3.4065805e-01
  -4.3809636e-01  -1.2249471e+00  -1.8065805e-01
  -8.9809636e-01  -9.4494712e-01  -1.3065805e-01
  -1.3280964e+00  -5.5494712e-01  -7.0658049e-02
   3.3190364e-01   5.2505288e-01   5.4934195e-01
   1.1119036e+00   7.3505288e-01  -7.0658049e-02
   3.6190364e-01  -2.6494712e-01   1.0934195e-01
  -2.0809636e-01   7.9505288e-01   6.2934195e-01
  -5.9809636e-01   1.5052879e-02   2.5934195e-01
   1.8190364e-01  -5.8494712e-01  -3.5065805e-01
  -4.1809636e-01  -1.2349471e+00  -1.8065805e-01
  -8.7809636e-01  -9.5494712e-01  -1.2065805e-01
   3.5190364e-01   5.0505288e-01   5.4934195e-01
   1.1619036e+00   8.5505288e-01  -9.0658049e-02
   3.9190364e-01  -2.1494712e-01   1.0934195e-01
  -1.7809636e-01   8.0505288e-01   6.2934195e-01
  -5.7809636e-01  -4.9471210e-03   2.5934195e-01
   2.8190364e-01  -3.6494712e-01  -3.8065805e-01
  -3.5809636e-01  -1.2549471e+00  -1.8065805e-01
  -8.1809636e-01  -9.7494712e-01  -1.2065805e-01
   4.2190364e-01   4.9505288e-01   5.4934195e-01
   1.2719036e+00   1.0150529e+00  -1.0065805e-01
   4.8190364e-01  -6.4947121e-02   8.9341951e-02
  -5.0809636e-01  -3.4947121e-02   2.5934195e-01
  -1.0080964e+00   9.3505288e-01   2.7934195e-01
   3.0190364e-01  -3.3494712e-01  -3.8065805e-01
  -7.9809636e-01  -9.6494712e-01  -1.2065805e-01
  -1.5380964e+00  -3.6494712e-01  -5.1065805e-01
   4.4190364e-01   4.9505288e-01   5.4934195e-01
   1.3119036e+00   1.1050529e+00  -1.1065805e-01
   5.1190364e-01  -1.4947121e-02   8.9341951e-02
  -4.8809636e-01  -3.4947121e-02   2.5934195e-01
  -9.8809636e-01   8.6505288e-01   2.7934195e-01
   3.4190364e-01  -2.3494712e-01  -3.9065805e-01
  -7.7809636e-01  -9.9494712e-01  -1.2065805e-01
  -1.2180964e+00  -7.7494712e-01  -5.0658049e-02
  -1.5180964e+00  -4.4494712e-01  -5.0065805e-01
   4.9190364e-01   6.8505288e-01   5.3934195e-01
   1.3519036e+00   1.1950529e+00  -1.2065805e-01
   5.5190364e-01   4.5052879e-02   7.9341951e-02
  -4.6809636e-01  -5.4947121e-02   2.5934195e-01
  -9.6809636e-01   8.1505288e-01   2.8934195e-01
   4.3190364e-01  -9.4947121e-02  -4.1065805e-01
  -7.1809636e-01  -1.0049471e+00  -1.2065805e-01
  -1.4580964e+00  -5.7494712e-01  -4.9065805e-01
   5.0190364e-01   2.8505288e-01   5.5934195e-01
   1.4619036e+00   1.3850529e+00  -1.4065805e-01
   6.3190364e-01   1.6505288e-01   6.9341951e-02
  -4.0809636e-01  -9.4947121e-02   2.5934195e-01
  -9.0809636e-01   8.0505288e-01   2.8934195e-01
   4.6190364e-01  -3.4947121e-02  -4.2065805e-01
  -7.0809636e-01  -1.0249471e+00  -1.2065805e-01
  -1.1380964e+00  -8.1494712e-01  -5.0658049e-02
  -1.4380964e+00  -6.1494712e-01  -4.8065805e-01
   5.3190364e-01   3.2505288e-01   5.5934195e-01
   1.5119036e+00   1.4750529e+00  -1.5065805e-01
   6.7190364e-01   2.2505288e-01   6.9341951e-02
  -3.8809636e-01  -1.0494712e-01   2.5934195e-01
   4.9190364e-01   1.5052879e-02  -4.3065805e-01
  -2.0809636e-01  -1.1449471e+00  -1.9065805e-01
  -1.1080964e+00  -6.6494712e-01  -7.0658049e-02
  -1.5680964e+00  -2.8494712e-01  -1.0658049e-02
  -1.4180964e+00  -6.2494712e-01  -4.8065805e-01
   5.5190364e-01   3.4505288e-01   5.5934195e-01
   1.5519036e+00   1.5650529e+00  -1.6065805e-01
   7.0190364e-01   2.8505288e-01   5.9341951e-02
   3.1903643e-02   6.5505288e-01   6.2934195e-01
  -3.6809636e-01  -1.0494712e-01   2.5934195e-01
  -8.5809636e-01   8.0505288e-01   2.8934195e-01
   5.8190364e-01   1.6505288e-01  -4.5065805e-01
  -1.3809636e-01  -1.0849471e+00  -2.0065805e-01
  -6.1809636e-01  -1.0049471e+00  -1.2065805e-01
  -1.0580964e+00  -8.0494712e-01  -5.0658049e-02
  -1.5080964e+00  -2.5494712e-01  -2.0658049e-02
  -1.3580964e+00  -6.9494712e-01  -4.7065805e-01
   1.6619036e+00   1.6950529e+00  -1.7065805e-01
   7.9190364e-01   4.2505288e-01   4.9341951e-02
   1.0190364e-01   6.2505288e-01   6.2934195e-01
  -3.0809636e-01  -1.3494712e-01   2.6934195e-01
  -7.9809636e-01   7.3505288e-01   2.8934195e-01
   6.2190364e-01   2.4505288e-01  -4.6065805e-01
  -1.1809636e-01  -1.1249471e+00  -2.0065805e-01
  -6.0809636e-01  -1.0149471e+00  -1.2065805e-01
  -1.0380964e+00  -8.9494712e-01  -4.0658049e-02
  -1.4880964e+00  -2.4494712e-01  -2.0658049e-02
  -1.3380964e+00  -7.2494712e-01  -4.7065805e-01
   1.7019036e+00   1.7650529e+00  -1.8065805e-01
   8.4190364e-01   5.1505288e-01   3.9341951e-02
   1.1190364e-01   5.8505288e-01   6.3934195e-01
  -3.7809636e-01   1.1350529e+00   6.9934195e-01
  -2.8809636e-01  -1.5494712e-01   2.6934195e-01
  -7.6809636e-01   7.6505288e-01   2.8934195e-01
   6.6190364e-01   3.3505288e-01  -4.7065805e-01
  -5.8809636e-01  -1.0549471e+00  -1.2065805e-01
  -1.0180964e+00  -8.9494712e-01  -4.0658049e-02
  -1.4580964e+00  -1.7494712e-01  -3.0658049e-02
  -1.3180964e+00  -7.4494712e-01  -4.6065805e-01
   1.7519036e+00   1.8950529e+00  -1.9065805e-01
   8.8190364e-01   6.0505288e-01   2.9341951e-02
   1.3190364e-01   5.6505288e-01   6.3934195e-01
  -3.4809636e-01   1.1750529e+00   6.9934195e-01
  -2.6809636e-01  -1.6494712e-01   2.6934195e-01
   7.6190364e-01   5.2505288e-01  -5.0065805e-01
  -2.8096357e-02  -1.0049471e+00  -2.1065805e-01
  -5.2809636e-01  -1.0849471e+00  -1.2065805e-01
  -9.5809636e-01  -8.4494712e-01  -5.0658049e-02
  -1.4080964e+00  -4.0494712e-01  -6.5804935e-04
  -1.2580964e+00  -7.8494712e-01  -4.6065805e-01
   9.7190364e-01   7.5505288e-01   1.9341951e-02
   2.0190364e-01   5.2505288e-01   6.3934195e-01
  -2.8809636e-01   1.1250529e+00   6.9934195e-01
  -2.0809636e-01  -1.8494712e-01   2.6934195e-01
  -9.3809636e-01  -9.5494712e-01  -4.0658049e-02
  -1.3880964e+00  -4.3494712e-01  -6.5804935e-04
  -1.2380964e+00  -7.5494712e-01  -4.6065805e-01
   1.0119036e+00   8.2505288e-01   9.3419506e-03
   2.2190364e-01   5.0505288e-01   6.3934195e-01
  -2.6809636e-01   1.0650529e+00   7.0934195e-01
   4.3190364e-01  -2.9494712e-01   2.0934195e-01
  -1.7809636e-01  -1.8494712e-01   2.6934195e-01
   6.1903643e-02  -6.7494712e-01  -2.5065805e-01
  -4.8809636e-01  -1.0349471e+00  -1.2065805e-01
  -9.1809636e-01  -9.2494712e-01  -4.0658049e-02
  -1.3680964e+00  -4.6494712e-01  -6.5804935e-04
  -1.2180964e+00  -7.7494712e-01  -4.6065805e-01
   1.0519036e+00   8.9505288e-01  -6.5804935e-04
   2.4190364e-01   5.0505288e-01   6.3934195e-01
  -2.4809636e-01   1.0350529e+00   7.0934195e-01
   4.5190364e-01  -2.9494712e-01   2.0934195e-01
  -1.5809636e-01  -2.0494712e-01   2.6934195e-01
   1.1190364e-01  -7.4494712e-01  -2.5065805e-01
  -4.2809636e-01  -1.0549471e+00  -1.2065805e-01
  -8.5809636e-01  -9.1494712e-01  -4.0658049e-02
  -1.3080964e+00  -5.5494712e-01   9.3419506e-03
  -1.1580964e+00  -8.0494712e-01  -4.6065805e-01
   1.8019036e+00   2.3150529e+00   3.3934195e-01
   1.1519036e+00   1.0250529e+00  -1.0658049e-02
   3.0190364e-01   4.7505288e-01   6.3934195e-01
  -1.8809636e-01   9.6505288e-01   7.0934195e-01
   5.2190364e-01  -2.2494712e-01   1.9934195e-01
  -9.8096357e-02  -1.9494712e-01   2.6934195e-01
   1.5190364e-01  -6.3494712e-01  -2.6065805e-01
  -8.3809636e-01  -9.1494712e-01  -4.0658049e-02
  -1.1380964e+00  -8.1494712e-01  -4.6065805e-01
   1.8419036e+00   2.3550529e+00   3.3934195e-01
   1.1819036e+00   1.0950529e+00  -2.0658049e-02
   3.2190364e-01   4.6505288e-01   6.3934195e-01
  -1.6809636e-01   9.5505288e-01   7.0934195e-01
   5.6190364e-01  -1.6494712e-01   1.8934195e-01
  -7.8096357e-02  -2.0494712e-01   2.6934195e-01
   2.0190364e-01  -5.8494712e-01  -2.7065805e-01
  -7.9809636e-01  -9.3494712e-01  -4.0658049e-02
  -1.0980964e+00  -8.4494712e-01  -4.5065805e-01
   1.2419036e+00   1.1450529e+00  -2.0658049e-02
   3.7190364e-01   4.5505288e-01   6.3934195e-01
  -1.1809636e-01   9.3505288e-01   7.0934195e-01
   6.1190364e-01  -1.3494712e-01   1.8934195e-01
  -3.8096357e-02  -2.1494712e-01   2.6934195e-01
   2.7190364e-01  -4.1494712e-01  -2.9065805e-01
  -3.3809636e-01  -1.1349471e+00  -1.1065805e-01
  -7.6809636e-01  -1.0049471e+00  -3.0658049e-02
  -1.2080964e+00  -6.5494712e-01   1.9341951e-02
  -1.0580964e+00  -8.9494712e-01  -4.5065805e-01
   1.3319036e+00   1.3150529e+00  -4.0658049e-02
   4.1190364e-01   4.3505288e-01   6.3934195e-01
  -7.8096357e-02   8.5505288e-01   7.0934195e-01
   6.6190364e-01  -8.4947121e-02   1.8934195e-01
  -3.8809636e-01   1.3950529e+00   2.3934195e-01
   2.9190364e-01  -3.8494712e-01  -2.9065805e-01
  -3.1809636e-01  -1.1249471e+00  -1.1065805e-01
  -7.4809636e-01  -1.0149471e+00  -3.0658049e-02
  -1.1780964e+00  -5.8494712e-01   9.3419506e-03
  -1.0480964e+00  -9.1494712e-01  -4.5065805e-01
   1.3719036e+00   1.3950529e+00  -5.0658049e-02
   4.3190364e-01   4.3505288e-01   6.3934195e-01
  -5.8096357e-02   8.4505288e-01   7.0934195e-01
   3.1903643e-02  -1.7494712e-01   2.5934195e-01
  -3.6809636e-01   1.3950529e+00   2.3934195e-01
   3.5190364e-01  -3.0494712e-01  -3.0065805e-01
  -2.6809636e-01  -1.1149471e+00  -1.2065805e-01
  -7.0809636e-01  -1.0549471e+00  -3.0658049e-02
  -1.1480964e+00  -6.8494712e-01   1.9341951e-02
  -1.0080964e+00  -9.2494712e-01  -4.4065805e-01
   1.2519036e+00   1.3950529e+00   4.9934195e-01
   1.4319036e+00   1.4450529e+00  -5.0658049e-02
   4.8190364e-01   4.3505288e-01   6.3934195e-01
  -1.8096357e-02   8.2505288e-01   7.0934195e-01
   7.5190364e-01   3.5052879e-02   1.6934195e-01
   8.1903643e-02  -1.5494712e-01   2.5934195e-01
  -3.1809636e-01   1.4250529e+00   2.3934195e-01
   4.1190364e-01  -1.7494712e-01  -3.2065805e-01
  -6.6809636e-01  -1.0649471e+00  -3.0658049e-02
  -1.1080964e+00  -7.4494712e-01   2.9341951e-02
  -9.6809636e-01  -9.2494712e-01  -4.4065805e-01
   1.3519036e+00   1.6750529e+00   4.7934195e-01
   1.5319036e+00   1.6750529e+00  -7.0658049e-02
   5.0190364e-01   2.9505288e-01   6.3934195e-01
   2.1903643e-02   8.0505288e-01   7.0934195e-01
   8.0190364e-01   9.5052879e-02   1.6934195e-01
   1.2190364e-01  -1.7494712e-01   2.5934195e-01
   4.6190364e-01  -1.1494712e-01  -3.3065805e-01
  -1.8809636e-01  -1.0549471e+00  -1.2065805e-01
  -6.2809636e-01  -1.0949471e+00  -3.0658049e-02
  -1.0680964e+00  -7.6494712e-01   2.9341951e-02
  -9.2809636e-01  -9.4494712e-01  -4.4065805e-01
   1.3919036e+00   1.6150529e+00   4.7934195e-01
   1.5919036e+00   1.7250529e+00  -8.0658049e-02
   5.6190364e-01   3.9505288e-01   6.3934195e-01
   7.1903643e-02   7.6505288e-01   7.0934195e-01
   8.6190364e-01   1.6505288e-01   1.5934195e-01
   1.6190364e-01  -1.6494712e-01   2.5934195e-01
   4.9190364e-01  -6.4947121e-02  -3.3065805e-01
  -1.5809636e-01  -1.0449471e+00  -1.3065805e-01
  -6.0809636e-01  -1.0449471e+00  -3.0658049e-02
  -1.0480964e+00  -8.0494712e-01   2.9341951e-02
  -9.0809636e-01  -9.6494712e-01  -4.4065805e-01
   1.6619036e+00   1.9350529e+00  -1.0065805e-01
   6.0190364e-01   4.7505288e-01   6.3934195e-01
   9.1903643e-02   7.5505288e-01   7.0934195e-01
   9.0190364e-01   2.4505288e-01   1.4934195e-01
   1.9190364e-01  -1.6494712e-01   2.5934195e-01
  -8.1809636e-01   8.4505288e-01   3.9934195e-01
   5.6190364e-01   8.5052879e-02  -3.5065805e-01
  -1.1809636e-01  -9.9494712e-01  -1.3065805e-01
  -1.0180964e+00  -8.5494712e-01   3.9341951e-02
  -3.0809636e-01  -1.1249471e+00  -5.0065805e-01
  -8.6809636e-01  -9.9494712e-01  -4.4065805e-01
   1.7219036e+00   1.9550529e+00  -1.0065805e-01
   1.3190364e-01   7.1505288e-01   7.1934195e-01
   2.3190364e-01  -1.4494712e-01   2.5934195e-01
  -1.4809636e-01   1.4150529e+00   2.3934195e-01
  -7.7809636e-01   8.4505288e-01   3.9934195e-01
   6.2190364e-01   1.4505288e-01  -3.6065805e-01
  -7.8096357e-02  -9.9494712e-01  -1.3065805e-01
  -5.2809636e-01  -1.0049471e+00  -4.0658049e-02
  -9.7809636e-01  -9.0494712e-01   3.9341951e-02
  -2.6809636e-01  -1.1049471e+00  -5.0065805e-01
  -8.2809636e-01  -1.0149471e+00  -4.3065805e-01
   1.7919036e+00   2.0250529e+00  -1.1065805e-01
   1.7190364e-01   7.1505288e-01   7.1934195e-01
   1.0419036e+00   4.8505288e-01   1.2934195e-01
   2.7190364e-01  -1.5494712e-01   2.5934195e-01
  -1.0809636e-01   1.3850529e+00   2.3934195e-01
  -7.2809636e-01   8.9505288e-01   3.9934195e-01
   6.5190364e-01   2.1505288e-01  -3.7065805e-01
  -3.8096357e-02  -8.9494712e-01  -1.4065805e-01
  -5.0809636e-01  -1.0949471e+00  -3.0658049e-02
  -9.5809636e-01  -8.8494712e-01   3.9341951e-02
  -2.4809636e-01  -1.1349471e+00  -5.0065805e-01
  -8.0809636e-01  -1.0149471e+00  -4.3065805e-01
   1.8419036e+00   2.1450529e+00  -1.2065805e-01
   2.0190364e-01   7.0505288e-01   7.1934195e-01
   1.0819036e+00   5.7505288e-01   1.2934195e-01
   3.0190364e-01  -1.4494712e-01   2.5934195e-01
  -7.8096357e-02   1.4050529e+00   2.3934195e-01
   7.3190364e-01   4.0505288e-01  -3.9065805e-01
   1.9036428e-03  -8.4494712e-01  -1.5065805e-01
  -4.6809636e-01  -1.0849471e+00  -3.0658049e-02
  -9.1809636e-01  -9.2494712e-01   3.9341951e-02
  -2.0809636e-01  -1.1049471e+00  -5.1065805e-01
  -7.6809636e-01  -1.0349471e+00  -4.3065805e-01
   1.7319036e+00   2.2550529e+00   4.3934195e-01
   1.9719036e+00   2.4750529e+00  -1.5065805e-01
   2.4190364e-01   6.8505288e-01   7.1934195e-01
   1.1519036e+00   6.9505288e-01   1.1934195e-01
   3.5190364e-01  -1.2494712e-01   2.5934195e-01
  -3.8096357e-02   1.3650529e+00   2.3934195e-01
   7.9190364e-01   4.6505288e-01  -4.0065805e-01
   7.1903643e-02  -7.1494712e-01  -1.7065805e-01
  -4.2809636e-01  -1.0649471e+00  -3.0658049e-02
  -8.7809636e-01  -9.2494712e-01   3.9341951e-02
  -1.6809636e-01  -1.0949471e+00  -5.1065805e-01
  -7.2809636e-01  -1.0349471e+00  -4.3065805e-01
   1.7919036e+00   2.2750529e+00   4.3934195e-01
   2.8190364e-01   6.7505288e-01   7.1934195e-01
   3.9190364e-01  -1.0494712e-01   2.4934195e-01
   1.9036428e-03   1.2950529e+00   2.4934195e-01
   8.2190364e-01   5.4505288e-01  -4.1065805e-01
   1.0190364e-01  -6.0494712e-01  -1.8065805e-01
  -4.0809636e-01  -1.0749471e+00  -3.0658049e-02
  -8.5809636e-01  -9.1494712e-01   3.9341951e-02
  -1.3809636e-01  -1.0549471e+00  -5.1065805e-01
  -7.0809636e-01  -1.0249471e+00  -4.3065805e-01
   3.1190364e-01   6.6505288e-01   7.1934195e-01
   4.2190364e-01  -4.4947121e-02   2.4934195e-01
   2.1903643e-02   1.2850529e+00   2.4934195e-01
   9.1190364e-01   6.3505288e-01  -4.2065805e-01
   1.8190364e-01  -4.9494712e-01  -1.9065805e-01
  -3.4809636e-01  -1.0349471e+00  -4.0658049e-02
  -7.9809636e-01  -9.3494712e-01   3.9341951e-02
  -8.8096357e-02  -1.0849471e+00  -5.1065805e-01
  -6.5809636e-01  -1.0649471e+00  -4.3065805e-01
   3.7190364e-01   6.0505288e-01   7.1934195e-01
   1.3519036e+00   9.6505288e-01   8.9341951e-02
   5.1190364e-01   5.5052879e-02   2.3934195e-01
   9.1903643e-02   1.2250529e+00   2.4934195e-01
   9.4190364e-01   6.7505288e-01  -4.3065805e-01
   2.3190364e-01  -3.1494712e-01  -2.1065805e-01
  -3.2809636e-01  -1.0649471e+00  -3.0658049e-02
  -7.7809636e-01  -9.3494712e-01   3.9341951e-02
  -5.8096357e-02  -1.0749471e+00  -5.1065805e-01
  -6.3809636e-01  -1.0649471e+00  -4.3065805e-01
   3.9190364e-01   6.2505288e-01   7.1934195e-01
   1.3719036e+00   9.7505288e-01   8.9341951e-02
   5.1190364e-01  -3.4947121e-02   2.4934195e-01
   1.1190364e-01   1.2250529e+00   2.4934195e-01
  -4.3809636e-01   1.5150529e+00   3.5934195e-01
   9.8190364e-01   7.3505288e-01  -4.4065805e-01
   2.6190364e-01  -2.8494712e-01  -2.2065805e-01
  -7.5809636e-01  -9.8494712e-01   4.9341951e-02
  -4.8096357e-02  -1.1149471e+00  -5.1065805e-01
  -6.1809636e-01  -1.0949471e+00  -4.3065805e-01
   4.1190364e-01   6.2505288e-01   7.1934195e-01
   1.4219036e+00   1.0850529e+00   7.9341951e-02
   5.3190364e-01  -4.4947121e-02   2.4934195e-01
  -4.1809636e-01   1.5250529e+00   3.5934195e-01
   1.0819036e+00   8.9505288e-01  -4.6065805e-01
   3.3190364e-01  -2.2494712e-01  -2.3065805e-01
  -6.9809636e-01  -1.0149471e+00   4.9341951e-02
   2.1903643e-02  -1.0649471e+00  -5.2065805e-01
  -5.5809636e-01  -1.1049471e+00  -4.3065805e-01
   4.8190364e-01   6.2505288e-01   7.1934195e-01
   1.5319036e+00   1.2650529e+00   5.9341951e-02
   6.0190364e-01  -2.4947121e-02   2.3934195e-01
  -3.4809636e-01   1.5250529e+00   3.5934195e-01
   1.1219036e+00   1.0150529e+00  -4.7065805e-01
   3.6190364e-01  -1.7494712e-01  -2.3065805e-01
  -6.8809636e-01  -1.0249471e+00   4.9341951e-02
   4.1903643e-02  -1.0649471e+00  -5.2065805e-01
  -5.3809636e-01  -1.1149471e+00  -4.3065805e-01
   5.1190364e-01   6.3505288e-01   7.1934195e-01
   1.5919036e+00   1.3950529e+00   4.9341951e-02
  -3.1809636e-01   1.5450529e+00   3.5934195e-01
   1.1919036e+00   1.2350529e+00  -5.0065805e-01
   3.9190364e-01  -1.1494712e-01  -2.4065805e-01
  -2.1809636e-01  -1.1449471e+00  -3.0658049e-02
  -6.5809636e-01  -9.5494712e-01   3.9341951e-02
   6.1903643e-02  -1.0649471e+00  -5.2065805e-01
  -5.1809636e-01  -1.1049471e+00  -4.3065805e-01
   5.2190364e-01   5.6505288e-01   7.1934195e-01
   1.6219036e+00   1.4450529e+00   4.9341951e-02
   6.5190364e-01   5.0528790e-03   2.3934195e-01
  -2.8809636e-01   1.6350529e+00   3.4934195e-01
   1.2919036e+00   1.3450529e+00  -5.1065805e-01
   4.7190364e-01  -4.4947121e-02  -2.5065805e-01
  -1.5809636e-01  -1.1349471e+00  -3.0658049e-02
  -5.9809636e-01  -9.6494712e-01   3.9341951e-02
   1.2190364e-01  -1.0449471e+00  -5.2065805e-01
  -4.5809636e-01  -1.1549471e+00  -4.2065805e-01
   6.0190364e-01   6.2505288e-01   7.1934195e-01
   1.7519036e+00   1.6550529e+00   2.9341951e-02
   1.3319036e+00   1.4250529e+00  -5.2065805e-01
   5.0190364e-01  -4.9471210e-03  -2.5065805e-01
  -1.2809636e-01  -1.1149471e+00  -3.0658049e-02
  -5.7809636e-01  -9.5494712e-01   3.9341951e-02
   1.5190364e-01  -9.8494712e-01  -5.3065805e-01
  -4.3809636e-01  -1.1349471e+00  -4.2065805e-01
   6.3190364e-01   6.7505288e-01   7.0934195e-01
   1.8019036e+00   1.7950529e+00   1.9341951e-02
   8.4190364e-01   5.1505288e-01   1.9934195e-01
   2.9190364e-01   7.5505288e-01   2.7934195e-01
   1.3719036e+00   1.5150529e+00  -5.4065805e-01
   5.3190364e-01   4.5052879e-02  -2.6065805e-01
  -1.0809636e-01  -1.0649471e+00  -4.0658049e-02
  -5.5809636e-01  -9.5494712e-01   3.9341951e-02
   2.0190364e-01  -8.2494712e-01  -5.5065805e-01
  -4.1809636e-01  -1.1349471e+00  -4.2065805e-01
   6.6190364e-01   7.2505288e-01   7.0934195e-01
   8.7190364e-01   5.8505288e-01   1.9934195e-01
   3.1190364e-01   7.3505288e-01   2.7934195e-01
   1.4419036e+00   1.4950529e+00  -5.4065805e-01
   6.3190364e-01   2.1505288e-01  -2.8065805e-01
  -3.8096357e-02  -1.0049471e+00  -4.0658049e-02
  -4.9809636e-01  -9.8494712e-01   3.9341951e-02
   2.6190364e-01  -8.0494712e-01  -5.6065805e-01
  -3.5809636e-01  -1.1449471e+00  -4.2065805e-01
   1.5819036e+00   2.0450529e+00   5.4934195e-01
   7.6190364e-01   8.5505288e-01   6.9934195e-01
   1.9519036e+00   1.9950529e+00  -6.5804935e-04
   9.7190364e-01   7.0505288e-01   1.7934195e-01
   3.6190364e-01   6.6505288e-01   2.7934195e-01
   1.4719036e+00   1.5250529e+00  -5.4065805e-01
   6.7190364e-01   3.3505288e-01  -2.9065805e-01
  -1.8096357e-02  -9.8494712e-01  -5.0658049e-02
  -4.7809636e-01  -9.7494712e-01   3.9341951e-02
   3.0190364e-01  -6.9494712e-01  -5.7065805e-01
  -3.3809636e-01  -1.1549471e+00  -4.2065805e-01
   1.6219036e+00   2.1550529e+00   5.4934195e-01
   7.9190364e-01   9.1505288e-01   6.9934195e-01
   2.0119036e+00   2.1350529e+00  -1.0658049e-02
   1.0019036e+00   7.6505288e-01   1.7934195e-01
   3.9190364e-01   6.5505288e-01   2.7934195e-01
  -7.8096357e-02   1.4950529e+00   3.5934195e-01
   1.5219036e+00   1.6250529e+00  -5.5065805e-01
   7.1190364e-01   4.1505288e-01  -3.0065805e-01
   1.1903643e-02  -9.3494712e-01  -5.0658049e-02
  -4.5809636e-01  -9.5494712e-01   3.9341951e-02
   3.3190364e-01  -6.4494712e-01  -5.8065805e-01
  -3.1809636e-01  -1.1549471e+00  -4.2065805e-01
   1.6719036e+00   2.2450529e+00   5.3934195e-01
   8.3190364e-01   9.8505288e-01   6.9934195e-01
   2.0719036e+00   2.2750529e+00  -3.0658049e-02
   1.0419036e+00   8.2505288e-01   1.6934195e-01
   4.2190364e-01   7.3505288e-01   2.7934195e-01
  -5.8096357e-02   1.4650529e+00   3.5934195e-01
   1.6219036e+00   1.7550529e+00  -5.7065805e-01
   8.1190364e-01   6.0505288e-01  -3.3065805e-01
   9.1903643e-02  -8.1494712e-01  -7.0658049e-02
  -3.9809636e-01  -9.6494712e-01   3.9341951e-02
   9.2190364e-01   1.0950529e+00   6.8934195e-01
   1.1419036e+00   9.6505288e-01   1.5934195e-01
   3.6190364e-01  -1.4494712e-01   3.3934195e-01
   1.1903643e-02   1.4850529e+00   3.5934195e-01
   1.6619036e+00   1.7950529e+00  -5.8065805e-01
   8.5190364e-01   6.8505288e-01  -3.4065805e-01
   1.2190364e-01  -7.7494712e-01  -7.0658049e-02
  -3.6809636e-01  -9.1494712e-01   3.9341951e-02
  -2.3809636e-01  -1.1149471e+00  -4.3065805e-01
   9.6190364e-01   1.1750529e+00   6.8934195e-01
   1.1719036e+00   1.0250529e+00   1.5934195e-01
   3.8190364e-01  -9.4947121e-02   3.3934195e-01
   9.1190364e-01   7.6505288e-01  -3.5065805e-01
   1.8190364e-01  -5.9494712e-01  -9.0658049e-02
  -3.2809636e-01  -8.7494712e-01   2.9341951e-02
  -1.8809636e-01  -1.0649471e+00  -4.4065805e-01
   1.0219036e+00   1.2250529e+00   6.8934195e-01
   1.2419036e+00   1.0950529e+00   1.4934195e-01
   4.3190364e-01  -7.4947121e-02   3.2934195e-01
   9.8190364e-01   8.6505288e-01  -3.6065805e-01
   2.4190364e-01  -5.0494712e-01  -1.0065805e-01
  -2.7809636e-01  -8.5494712e-01   2.9341951e-02
  -1.3809636e-01  -1.0049471e+00  -4.5065805e-01
   1.1019036e+00   1.3850529e+00   6.7934195e-01
   1.3119036e+00   1.2250529e+00   1.3934195e-01
   4.7190364e-01  -1.3494712e-01   3.3934195e-01
   1.0119036e+00   9.2505288e-01  -3.7065805e-01
   2.6190364e-01  -5.3494712e-01  -1.0065805e-01
  -2.6809636e-01  -9.3494712e-01   3.9341951e-02
  -1.1809636e-01  -9.7494712e-01  -4.5065805e-01
   1.1319036e+00   1.4550529e+00   6.7934195e-01
   1.3619036e+00   1.3250529e+00   1.2934195e-01
   4.9190364e-01  -1.2494712e-01   3.3934195e-01
   1.0719036e+00   9.7505288e-01  -3.7065805e-01
   3.0190364e-01  -5.1494712e-01  -1.0065805e-01
  -7.8096357e-02  -9.6494712e-01  -4.5065805e-01
   1.2019036e+00   1.5550529e+00   6.6934195e-01
   1.4319036e+00   1.4350529e+00   1.1934195e-01
   5.4190364e-01  -5.4947121e-02   3.2934195e-01
   1.1519036e+00   1.1150529e+00  -3.9065805e-01
   3.7190364e-01  -3.2494712e-01  -1.2065805e-01
  -3.8096357e-02  -9.5494712e-01  -4.6065805e-01
   1.2819036e+00   1.7150529e+00   6.6934195e-01
   1.5119036e+00   1.5750529e+00   1.0934195e-01
   5.9190364e-01  -5.4947121e-02   3.2934195e-01
   1.2119036e+00   1.1850529e+00  -4.0065805e-01
   4.3190364e-01  -2.6494712e-01  -1.3065805e-01
   2.1903643e-02  -8.5494712e-01  -4.7065805e-01
   1.3519036e+00   1.7850529e+00   6.5934195e-01
   1.5819036e+00   1.6650529e+00   9.9341951e-02
   6.3190364e-01  -5.4947121e-02   3.2934195e-01
   1.2519036e+00   1.2650529e+00  -4.1065805e-01
   4.6190364e-01  -2.0494712e-01  -1.4065805e-01
   5.1903643e-02  -8.0494712e-01  -4.8065805e-01
   1.3919036e+00   1.8650529e+00   6.5934195e-01
   1.6219036e+00   1.7450529e+00   9.9341951e-02
   6.5190364e-01  -7.4947121e-02   3.2934195e-01
   1.3419036e+00   1.4350529e+00  -4.3065805e-01
   5.2190364e-01  -1.0494712e-01  -1.5065805e-01
  -8.8096357e-02  -9.7494712e-01   3.9341951e-02
   1.0190364e-01  -6.9494712e-01  -5.0065805e-01
   1.4819036e+00   2.0350529e+00   6.4934195e-01
   1.7219036e+00   1.9250529e+00   7.9341951e-02
   1.4119036e+00   1.5450529e+00  -4.4065805e-01
   5.7190364e-01  -5.4947121e-02  -1.5065805e-01
  -4.8096357e-02  -9.5494712e-01   2.9341951e-02
   1.6190364e-01  -6.2494712e-01  -5.1065805e-01
   1.5519036e+00   2.1450529e+00   6.4934195e-01
   1.7919036e+00   2.0150529e+00   6.9341951e-02
   1.4319036e+00   1.5550529e+00  -4.5065805e-01
   6.0190364e-01   5.0528790e-03  -1.6065805e-01
  -1.8096357e-02  -9.0494712e-01   2.9341951e-02
   1.9190364e-01  -5.4494712e-01  -5.2065805e-01
   1.8319036e+00   2.0750529e+00   6.9341951e-02
   7.5190364e-01   9.8505288e-01   7.7934195e-01
   3.4190364e-01   7.7505288e-01   3.9934195e-01
   1.5219036e+00   1.7250529e+00  -4.7065805e-01
   6.7190364e-01   1.6505288e-01  -1.8065805e-01
   3.1903643e-02  -8.3494712e-01   1.9341951e-02
   1.9519036e+00   2.3850529e+00   3.9341951e-02
   8.5190364e-01   1.3050529e+00   7.6934195e-01
   9.8190364e-01   8.2505288e-01   2.5934195e-01
   3.9190364e-01   7.8505288e-01   3.8934195e-01
   7.3190364e-01   2.0505288e-01  -1.9065805e-01
   7.1903643e-02  -8.0494712e-01   1.9341951e-02
   2.0219036e+00   2.4550529e+00   3.9341951e-02
   1.0319036e+00   8.4505288e-01   2.5934195e-01
   1.6219036e+00   1.8350529e+00  -4.8065805e-01
   7.6190364e-01   2.3505288e-01  -1.9065805e-01
   1.0190364e-01  -7.4494712e-01   9.3419506e-03
   1.0519036e+00   8.4505288e-01   2.5934195e-01
   3.4190364e-01  -1.4947121e-02   4.3934195e-01
   1.7319036e+00   1.9550529e+00  -5.0065805e-01
   8.5190364e-01   3.7505288e-01  -2.1065805e-01
   1.8190364e-01  -6.4494712e-01  -6.5804935e-04
   1.1419036e+00   9.3505288e-01   2.4934195e-01
   4.1190364e-01   6.5052879e-02   4.3934195e-01
   8.9190364e-01   4.6505288e-01  -2.1065805e-01
   2.0190364e-01  -6.3494712e-01  -6.5804935e-04
   1.0719036e+00   1.5850529e+00   7.5934195e-01
   1.1819036e+00   1.0150529e+00   2.4934195e-01
   9.2190364e-01   5.2505288e-01  -2.2065805e-01
   2.3190364e-01  -6.0494712e-01  -6.5804935e-04
   1.2119036e+00   1.0350529e+00   2.4934195e-01
   1.0219036e+00   6.6505288e-01  -2.4065805e-01
   3.2190364e-01  -4.4494712e-01  -2.0658049e-02
   1.3119036e+00   1.1750529e+00   2.2934195e-01
   1.0519036e+00   7.2505288e-01  -2.5065805e-01
   3.5190364e-01  -3.8494712e-01  -3.0658049e-02
   1.3719036e+00   1.3650529e+00   2.1934195e-01
   1.0919036e+00   7.8505288e-01  -2.5065805e-01
   3.8190364e-01  -3.5494712e-01  -3.0658049e-02
   1.4119036e+00   1.4150529e+00   2.1934195e-01
   1.1719036e+00   8.4505288e-01  -2.6065805e-01
   4.6190364e-01  -2.2494712e-01  -5.0658049e-02
   1.5319036e+00   1.6450529e+00   1.9934195e-01
   1.2319036e+00   9.9505288e-01  -2.8065805e-01
   5.0190364e-01  -1.6494712e-01  -5.0658049e-02
   1.2719036e+00   1.0850529e+00  -2.9065805e-01
   5.3190364e-01  -7.4947121e-02  -6.0658049e-02
   1.6219036e+00   1.8050529e+00   1.8934195e-01
   1.3819036e+00   1.2850529e+00  -3.1065805e-01
   6.2190364e-01   6.5052879e-02  -8.0658049e-02
   1.7119036e+00   1.9150529e+00   1.7934195e-01
   1.4219036e+00   1.3450529e+00  -3.2065805e-01
   6.6190364e-01   1.3505288e-01  -8.0658049e-02
   1.7619036e+00   2.0050529e+00   1.6934195e-01
   1.4619036e+00   1.4450529e+00  -3.3065805e-01
   6.9190364e-01   1.6505288e-01  -9.0658049e-02
   1.8119036e+00   2.1050529e+00   1.5934195e-01
   1.5819036e+00   1.6350529e+00  -3.5065805e-01
   7.8190364e-01   3.1505288e-01  -1.0065805e-01
   1.6319036e+00   1.7150529e+00  -3.6065805e-01
   8.1190364e-01   3.5505288e-01  -1.1065805e-01
   1.6919036e+00   1.7750529e+00  -3.7065805e-01
   8.7190364e-01   4.2505288e-01  -1.2065805e-01
   1.7819036e+00   1.9750529e+00  -3.9065805e-01
   9.4190364e-01   5.6505288e-01  -1.3065805e-01
   9.7190364e-01   5.9505288e-01  -1.4065805e-01
   1.0419036e+00   6.9505288e-01  -1.5065805e-01
   1.3519036e+00   1.5550529e+00   3.2934195e-01
   1.1119036e+00   8.2505288e-01  -1.6065805e-01
   1.4319036e+00   1.6650529e+00   3.2934195e-01
   1.1719036e+00   8.5505288e-01  -1.7065805e-01
   1.4819036e+00   1.7050529e+00   3.1934195e-01
   1.2119036e+00   9.5505288e-01  -1.8065805e-01
   1.5219036e+00   1.7750529e+00   3.1934195e-01
   1.3019036e+00   1.1350529e+00  -1.9065805e-01
   1.6119036e+00   1.9250529e+00   3.0934195e-01
   1.3619036e+00   1.2150529e+00  -2.0065805e-01
   1.6719036e+00   1.9850529e+00   2.9934195e-01
   1.4119036e+00   1.3150529e+00  -2.1065805e-01
   1.7219036e+00   2.0650529e+00   2.9934195e-01
   1.5119036e+00   1.5350529e+00  -2.4065805e-01
   1.8219036e+00   2.2950529e+00   2.7934195e-01
   1.5719036e+00   1.6050529e+00  -2.5065805e-01
   1.6319036e+00   1.7550529e+00  -2.6065805e-01
   1.7319036e+00   1.8650529e+00  -2.8065805e-01
   1.7919036e+00   2.0050529e+00  -2.9065805e-01
   1.8319036e+00   2.0750529e+00  -3.0065805e-01
   2.0019036e+00   2.4550529e+00  -3.4065805e-01
