  -1.5598909e+00  -4.9278770e-01  -3.1155754e-01
  -1.5198909e+00  -5.7278770e-01  -3.0155754e-01
  -1.4798909e+00  -6.0278770e-01  -3.0155754e-01
  -1.4598909e+00  -6.4278770e-01  -2.9155754e-01
  -1.4198909e+00  -7.1278770e-01  -2.8155754e-01
  -1.3798909e+00  -7.2278770e-01  -2.8155754e-01
  -1.3698909e+00  -7.6278770e-01  -2.8155754e-01
  -1.3098909e+00  -8.0278770e-01  -2.7155754e-01
  -1.2898909e+00  -8.3278770e-01  -2.7155754e-01
  -1.2698909e+00  -8.6278770e-01  -2.7155754e-01
  -1.2098909e+00  -8.9278770e-01  -2.6155754e-01
  -1.1898909e+00  -9.2278770e-01  -2.6155754e-01
  -1.1698909e+00  -8.2278770e-01  -2.7155754e-01
  -1.6398909e+00  -6.1278770e-01  -2.2155754e-01
  -1.1198909e+00  -1.0927877e+00  -2.4155754e-01
  -1.5798909e+00  -6.1278770e-01  -2.2155754e-01
  -1.0998909e+00  -1.1127877e+00  -2.4155754e-01
  -1.5598909e+00  -6.1278770e-01  -2.2155754e-01
  -9.2989087e-01  -7.8278770e-01   1.6844246e-01
  -1.0798909e+00  -1.1327877e+00  -2.3155754e-01
  -1.5398909e+00  -6.1278770e-01  -2.2155754e-01
  -9.0989087e-01  -7.6278770e-01   1.6844246e-01
  -1.0298909e+00  -1.1927877e+00  -2.2155754e-01
  -1.4898909e+00  -6.0278770e-01  -2.2155754e-01
  -1.0098909e+00  -1.1927877e+00  -2.3155754e-01
  -1.4598909e+00  -7.1278770e-01  -2.1155754e-01
  -9.8989087e-01  -1.1927877e+00  -2.3155754e-01
  -1.4498909e+00  -7.1278770e-01  -2.1155754e-01
  -9.3989087e-01  -1.2027877e+00  -2.2155754e-01
  -1.3898909e+00  -7.1278770e-01  -2.1155754e-01
  -1.2398909e+00   3.7212302e-02   1.7844246e-01
  -9.1989087e-01  -1.2127877e+00  -2.2155754e-01
  -1.3698909e+00  -7.1278770e-01  -2.1155754e-01
  -1.2198909e+00   4.7212302e-02   1.7844246e-01
  -8.7989087e-01  -1.1127877e+00  -2.4155754e-01
  -1.1798909e+00   7.2123016e-03   1.7844246e-01
  -1.1398909e+00  -7.2787698e-02   1.8844246e-01
  -8.1989087e-01  -1.1527877e+00  -2.3155754e-01
  -1.2698909e+00  -7.9278770e-01  -2.0155754e-01
  -1.1198909e+00  -1.3278770e-01   1.8844246e-01
  -7.8989087e-01  -1.1627877e+00  -2.3155754e-01
  -1.2298909e+00  -8.2278770e-01  -2.0155754e-01
  -1.0798909e+00  -1.8278770e-01   1.9844246e-01
  -7.4989087e-01  -1.1827877e+00  -2.3155754e-01
  -1.1998909e+00  -8.7278770e-01  -1.9155754e-01
  -1.0498909e+00  -2.4278770e-01   1.9844246e-01
  -7.2989087e-01  -1.1927877e+00  -2.3155754e-01
  -1.1798909e+00  -8.8278770e-01  -1.9155754e-01
  -1.0298909e+00  -2.5278770e-01   1.9844246e-01
  -6.9989087e-01  -1.2227877e+00  -2.2155754e-01
  -1.1398909e+00  -9.0278770e-01  -1.9155754e-01
  -9.8989087e-01  -2.6278770e-01   1.9844246e-01
  -6.5989087e-01  -1.2327877e+00  -2.2155754e-01
  -1.0998909e+00  -9.1278770e-01  -1.9155754e-01
  -1.5798909e+00  -4.3278770e-01  -1.6155754e-01
  -5.6989087e-01   8.8721230e-01   4.9844246e-01
  -9.4989087e-01  -3.1278770e-01   2.0844246e-01
  -6.1989087e-01  -1.2227877e+00  -2.3155754e-01
  -1.0698909e+00  -9.2278770e-01  -1.9155754e-01
  -1.5398909e+00  -4.3278770e-01  -1.7155754e-01
  -5.2989087e-01   8.8721230e-01   4.9844246e-01
  -9.0989087e-01  -3.4278770e-01   2.0844246e-01
  -6.0989087e-01  -1.2427877e+00  -2.2155754e-01
  -1.0498909e+00  -9.4278770e-01  -1.8155754e-01
  -1.5198909e+00  -4.4278770e-01  -1.6155754e-01
  -5.0989087e-01   9.1721230e-01   4.9844246e-01
  -8.8989087e-01  -3.4278770e-01   2.0844246e-01
  -5.6989087e-01  -1.2527877e+00  -2.2155754e-01
  -1.0098909e+00  -9.2278770e-01  -1.9155754e-01
  -1.4798909e+00  -6.0278770e-01  -1.5155754e-01
  -8.4989087e-01  -3.6278770e-01   2.0844246e-01
  -5.2989087e-01  -1.2527877e+00  -2.2155754e-01
  -9.6989087e-01  -9.4278770e-01  -1.9155754e-01
  -1.4398909e+00  -5.6278770e-01  -1.5155754e-01
  -8.0989087e-01  -3.6278770e-01   2.0844246e-01
  -5.1989087e-01  -1.2727877e+00  -2.2155754e-01
  -9.4989087e-01  -9.5278770e-01  -1.8155754e-01
  -1.4198909e+00  -5.6278770e-01  -1.5155754e-01
  -7.8989087e-01  -3.9278770e-01   2.0844246e-01
  -4.7989087e-01  -1.2827877e+00  -2.2155754e-01
  -9.1989087e-01  -9.4278770e-01  -1.9155754e-01
  -1.3898909e+00  -4.4278770e-01  -1.6155754e-01
  -3.1989087e-01   1.4872123e+00   4.6844246e-01
  -7.4989087e-01  -4.1278770e-01   2.0844246e-01
  -4.3989087e-01  -1.3027877e+00  -2.2155754e-01
  -8.7989087e-01  -1.0027877e+00  -1.8155754e-01
  -1.3398909e+00  -6.5278770e-01  -1.4155754e-01
  -2.6989087e-01   1.4572123e+00   4.6844246e-01
  -7.0989087e-01  -4.3278770e-01   2.1844246e-01
  -4.2989087e-01  -1.3027877e+00  -2.2155754e-01
  -8.5989087e-01  -1.0027877e+00  -1.8155754e-01
  -1.3198909e+00  -7.2278770e-01  -1.3155754e-01
  -2.4989087e-01   1.4672123e+00   4.6844246e-01
  -6.9989087e-01  -4.5278770e-01   2.1844246e-01
  -3.6989087e-01  -1.2927877e+00  -2.2155754e-01
  -8.0989087e-01  -1.0327877e+00  -1.8155754e-01
  -1.7989087e-01   1.5672123e+00   4.5844246e-01
  -6.3989087e-01  -4.7278770e-01   2.1844246e-01
  -3.4989087e-01  -1.3027877e+00  -2.2155754e-01
  -7.8989087e-01  -1.0227877e+00  -1.8155754e-01
  -1.2498909e+00  -7.1278770e-01  -1.3155754e-01
  -6.1989087e-01  -4.6278770e-01   2.1844246e-01
  -3.2989087e-01  -1.3027877e+00  -2.2155754e-01
  -7.6989087e-01  -1.0427877e+00  -1.8155754e-01
  -1.2298909e+00  -7.2278770e-01  -1.3155754e-01
  -5.9989087e-01  -4.7278770e-01   2.1844246e-01
  -1.1698909e+00  -8.1278770e-01  -1.2155754e-01
  -1.4298909e+00  -1.8278770e-01  -6.0155754e-01
  -5.3989087e-01  -5.0278770e-01   2.1844246e-01
  -2.5989087e-01  -1.3027877e+00  -2.2155754e-01
  -6.9989087e-01  -1.1227877e+00  -1.7155754e-01
  -1.1498909e+00  -8.0278770e-01  -1.2155754e-01
  -1.4098909e+00  -1.9278770e-01  -5.9155754e-01
  -5.1989087e-01  -4.8278770e-01   2.1844246e-01
  -8.1989087e-01   3.8721230e-01   2.2844246e-01
  -2.3989087e-01  -1.2927877e+00  -2.2155754e-01
  -6.7989087e-01  -1.1327877e+00  -1.6155754e-01
  -1.1298909e+00  -7.8278770e-01  -1.3155754e-01
  -1.6198909e+00  -2.1278770e-01  -1.1155754e-01
  -1.3898909e+00  -2.0278770e-01  -5.9155754e-01
  -8.9890873e-02   6.3721230e-01   5.0844246e-01
  -4.9989087e-01  -5.1278770e-01   2.1844246e-01
  -1.7989087e-01  -1.2427877e+00  -2.3155754e-01
  -6.1989087e-01  -1.1427877e+00  -1.6155754e-01
  -1.0798909e+00  -8.0278770e-01  -1.2155754e-01
  -1.5598909e+00  -2.9278770e-01  -1.0155754e-01
  -1.3298909e+00  -2.3278770e-01  -5.9155754e-01
  -2.9890873e-02   5.8721230e-01   5.1844246e-01
  -4.9989087e-01   9.1721230e-01   5.7844246e-01
  -4.3989087e-01  -5.2278770e-01   2.1844246e-01
  -1.5989087e-01  -1.2027877e+00  -2.3155754e-01
  -6.0989087e-01  -1.1527877e+00  -1.6155754e-01
  -1.0598909e+00  -8.5278770e-01  -1.2155754e-01
  -1.5398909e+00  -2.5278770e-01  -1.1155754e-01
  -1.3098909e+00  -2.1278770e-01  -5.9155754e-01
  -9.8908730e-03   5.5721230e-01   5.1844246e-01
  -4.6989087e-01   9.4721230e-01   5.7844246e-01
  -4.1989087e-01  -5.1278770e-01   2.1844246e-01
  -7.1989087e-01   1.2721230e-01   2.4844246e-01
  -1.3989087e-01  -1.1827877e+00  -2.4155754e-01
  -5.8989087e-01  -1.1727877e+00  -1.6155754e-01
  -1.0398909e+00  -8.9278770e-01  -1.1155754e-01
  -1.2898909e+00  -3.1278770e-01  -5.8155754e-01
   1.0109127e-02   5.3721230e-01   5.1844246e-01
  -4.4989087e-01   9.2721230e-01   5.7844246e-01
  -4.0989087e-01  -5.1278770e-01   2.1844246e-01
  -6.9989087e-01   1.0721230e-01   2.5844246e-01
  -5.3989087e-01  -1.2027877e+00  -1.6155754e-01
  -9.7989087e-01  -8.5278770e-01  -1.2155754e-01
  -1.4598909e+00  -3.7278770e-01  -9.1557540e-02
  -1.2298909e+00  -5.0278770e-01  -5.5155754e-01
   7.0109127e-02   5.5721230e-01   5.1844246e-01
  -3.8989087e-01   8.9721230e-01   5.7844246e-01
  -3.4989087e-01  -5.4278770e-01   2.1844246e-01
  -6.3989087e-01   4.7212302e-02   2.5844246e-01
  -5.9890873e-02  -1.1127877e+00  -2.5155754e-01
  -5.1989087e-01  -1.2127877e+00  -1.6155754e-01
  -9.5989087e-01  -9.2278770e-01  -1.1155754e-01
  -1.4398909e+00  -3.2278770e-01  -1.0155754e-01
  -1.2098909e+00  -5.6278770e-01  -5.4155754e-01
   2.6010913e-01   2.2672123e+00   4.1844246e-01
  -3.6989087e-01   9.2721230e-01   5.7844246e-01
   1.6010913e-01  -6.5278770e-01   1.4844246e-01
  -3.2989087e-01  -5.5278770e-01   2.1844246e-01
  -6.1989087e-01   3.7212302e-02   2.5844246e-01
  -9.8908730e-03  -1.0327877e+00  -2.6155754e-01
  -4.7989087e-01  -1.2127877e+00  -1.6155754e-01
  -9.2989087e-01  -9.5278770e-01  -1.1155754e-01
  -1.3998909e+00  -4.1278770e-01  -9.1557540e-02
  -1.1698909e+00  -5.7278770e-01  -5.4155754e-01
   1.3010913e-01   5.1721230e-01   5.1844246e-01
  -3.1989087e-01   9.1721230e-01   5.7844246e-01
  -2.8989087e-01  -5.4278770e-01   2.1844246e-01
  -5.7989087e-01   7.2123016e-03   2.5844246e-01
   3.0109127e-02  -9.5278770e-01  -2.7155754e-01
  -4.3989087e-01  -1.2227877e+00  -1.6155754e-01
  -8.8989087e-01  -9.3278770e-01  -1.1155754e-01
  -1.1398909e+00  -7.8278770e-01  -5.1155754e-01
   1.7010913e-01   4.7721230e-01   5.1844246e-01
  -2.7989087e-01   9.1721230e-01   5.7844246e-01
  -2.4989087e-01  -5.5278770e-01   2.1844246e-01
  -5.4989087e-01  -3.2787698e-02   2.6844246e-01
   6.0109127e-02  -8.7278770e-01  -2.8155754e-01
  -4.1989087e-01  -1.2027877e+00  -1.6155754e-01
  -8.6989087e-01  -9.7278770e-01  -1.1155754e-01
  -1.3398909e+00  -5.3278770e-01  -8.1557540e-02
  -1.1198909e+00  -8.2278770e-01  -5.0155754e-01
   1.9010913e-01   4.9721230e-01   5.1844246e-01
  -2.5989087e-01   9.3721230e-01   5.7844246e-01
  -2.2989087e-01  -5.3278770e-01   2.1844246e-01
  -5.2989087e-01  -7.2787698e-02   2.6844246e-01
   1.0010913e-01  -8.5278770e-01  -2.8155754e-01
  -3.8989087e-01  -1.2327877e+00  -1.6155754e-01
  -8.2989087e-01  -9.8278770e-01  -1.1155754e-01
  -1.2998909e+00  -5.9278770e-01  -7.1557540e-02
  -1.0798909e+00  -8.4278770e-01  -5.0155754e-01
   2.4010913e-01   5.2721230e-01   5.1844246e-01
  -2.0989087e-01   9.3721230e-01   5.7844246e-01
  -1.8989087e-01  -5.5278770e-01   2.1844246e-01
  -4.8989087e-01  -9.2787698e-02   2.6844246e-01
  -3.4989087e-01  -1.2427877e+00  -1.6155754e-01
  -7.9989087e-01  -1.0127877e+00  -1.0155754e-01
  -1.2598909e+00  -6.1278770e-01  -7.1557540e-02
  -1.0398909e+00  -8.9278770e-01  -4.9155754e-01
  -1.4298909e+00  -4.5278770e-01  -4.7155754e-01
   2.8010913e-01   5.1721230e-01   5.1844246e-01
  -1.4989087e-01  -5.6278770e-01   2.1844246e-01
  -4.4989087e-01  -1.3278770e-01   2.6844246e-01
   1.8010913e-01  -7.1278770e-01  -3.0155754e-01
  -3.3989087e-01  -1.2527877e+00  -1.5155754e-01
  -7.7989087e-01  -1.0227877e+00  -1.0155754e-01
  -1.2398909e+00  -6.1278770e-01  -7.1557540e-02
  -1.0198909e+00  -8.7278770e-01  -4.9155754e-01
  -1.4098909e+00  -4.8278770e-01  -4.6155754e-01
   3.0010913e-01   5.1721230e-01   5.1844246e-01
  -1.2989087e-01  -5.6278770e-01   2.1844246e-01
  -4.2989087e-01  -1.4278770e-01   2.6844246e-01
  -9.9989087e-01   9.1721230e-01   2.5844246e-01
   2.2010913e-01  -6.5278770e-01  -3.1155754e-01
  -2.9989087e-01  -1.2427877e+00  -1.6155754e-01
  -7.3989087e-01  -1.0627877e+00  -1.0155754e-01
  -1.1998909e+00  -6.4278770e-01  -7.1557540e-02
  -9.8989087e-01  -8.8278770e-01  -4.9155754e-01
  -1.3698909e+00  -4.9278770e-01  -4.6155754e-01
   3.4010913e-01   4.9721230e-01   5.1844246e-01
  -8.9890873e-02  -5.5278770e-01   2.1844246e-01
  -3.8989087e-01  -1.6278770e-01   2.6844246e-01
  -9.4989087e-01   8.8721230e-01   2.5844246e-01
   2.7010913e-01  -5.9278770e-01  -3.2155754e-01
  -6.9989087e-01  -9.7278770e-01  -1.1155754e-01
  -1.1598909e+00  -6.7278770e-01  -6.1557540e-02
  -9.4989087e-01  -9.0278770e-01  -4.9155754e-01
  -1.3298909e+00  -5.1278770e-01  -4.6155754e-01
   3.8010913e-01   4.8721230e-01   5.1844246e-01
  -4.9890873e-02  -5.3278770e-01   2.1844246e-01
  -3.4989087e-01  -1.7278770e-01   2.6844246e-01
  -9.0989087e-01   8.9721230e-01   2.5844246e-01
   3.3010913e-01  -4.5278770e-01  -3.4155754e-01
  -2.1989087e-01  -1.2027877e+00  -1.6155754e-01
  -6.6989087e-01  -1.1027877e+00  -9.1557540e-02
  -1.1298909e+00  -6.7278770e-01  -6.1557540e-02
  -9.0989087e-01  -9.1278770e-01  -4.9155754e-01
  -1.2898909e+00  -5.3278770e-01  -4.6155754e-01
   4.3010913e-01   4.7721230e-01   5.1844246e-01
  -9.8908730e-03  -5.4278770e-01   2.1844246e-01
  -3.0989087e-01  -1.9278770e-01   2.7844246e-01
  -8.6989087e-01   8.4721230e-01   2.5844246e-01
   3.5010913e-01  -4.3278770e-01  -3.4155754e-01
  -1.9989087e-01  -1.1827877e+00  -1.6155754e-01
  -6.4989087e-01  -1.1227877e+00  -9.1557540e-02
  -1.1098909e+00  -6.8278770e-01  -6.1557540e-02
  -8.8989087e-01  -9.3278770e-01  -4.9155754e-01
  -1.5398909e+00  -3.8278770e-01  -1.1557540e-02
  -1.2798909e+00  -5.3278770e-01  -4.6155754e-01
   4.5010913e-01   5.0721230e-01   5.0844246e-01
   1.0109127e-02  -5.2278770e-01   2.0844246e-01
  -2.8989087e-01  -1.9278770e-01   2.7844246e-01
   4.1010913e-01  -2.9278770e-01  -3.6155754e-01
  -1.5989087e-01  -1.1227877e+00  -1.7155754e-01
  -1.0698909e+00  -7.8278770e-01  -5.1557540e-02
  -8.5989087e-01  -9.6278770e-01  -4.8155754e-01
  -1.4998909e+00  -3.0278770e-01  -2.1557540e-02
  -1.2398909e+00  -6.6278770e-01  -4.4155754e-01
   2.0109127e-02   6.1721230e-01   5.8844246e-01
   4.0109127e-02  -5.4278770e-01   2.1844246e-01
  -2.4989087e-01  -2.2278770e-01   2.7844246e-01
  -8.0989087e-01   7.7721230e-01   2.6844246e-01
   4.6010913e-01  -2.1278770e-01  -3.7155754e-01
  -1.1989087e-01  -1.1027877e+00  -1.8155754e-01
  -5.5989087e-01  -8.6278770e-01  -1.2155754e-01
  -1.0298909e+00  -7.7278770e-01  -5.1557540e-02
  -8.1989087e-01  -9.4278770e-01  -4.9155754e-01
  -1.4598909e+00  -3.4278770e-01  -1.1557540e-02
  -1.1998909e+00  -6.8278770e-01  -4.4155754e-01
   5.1010913e-01   2.5721230e-01   5.2844246e-01
   7.0109127e-02   6.4721230e-01   5.8844246e-01
   8.0109127e-02  -5.5278770e-01   2.1844246e-01
  -2.1989087e-01  -2.5278770e-01   2.7844246e-01
  -7.5989087e-01   7.9721230e-01   2.5844246e-01
   4.8010913e-01  -1.5278770e-01  -3.8155754e-01
  -9.9890873e-02  -1.0927877e+00  -1.8155754e-01
  -5.4989087e-01  -9.5278770e-01  -1.1155754e-01
  -1.0098909e+00  -7.8278770e-01  -5.1557540e-02
  -7.9989087e-01  -9.9278770e-01  -4.8155754e-01
  -1.4398909e+00  -3.1278770e-01  -2.1557540e-02
  -1.1798909e+00  -7.2278770e-01  -4.3155754e-01
   5.2010913e-01   2.1721230e-01   5.2844246e-01
   1.0010913e-01  -5.5278770e-01   2.1844246e-01
  -4.1989087e-01   1.0072123e+00   6.5844246e-01
  -1.9989087e-01  -2.4278770e-01   2.7844246e-01
  -7.3989087e-01   8.2721230e-01   2.5844246e-01
   5.6010913e-01  -4.2787698e-02  -4.0155754e-01
  -2.9890873e-02  -9.9278770e-01  -1.9155754e-01
  -9.5989087e-01  -8.3278770e-01  -5.1557540e-02
  -7.4989087e-01  -1.0327877e+00  -4.7155754e-01
  -1.3798909e+00  -5.0278770e-01  -1.5575397e-03
   1.5010913e-01   6.1721230e-01   5.8844246e-01
   1.7010913e-01  -5.1278770e-01   2.0844246e-01
  -3.5989087e-01   9.6721230e-01   6.5844246e-01
  -1.3989087e-01  -2.7278770e-01   2.7844246e-01
   5.9010913e-01   1.7212302e-02  -4.1155754e-01
  -9.8908730e-03  -9.6278770e-01  -1.9155754e-01
  -9.3989087e-01  -8.1278770e-01  -5.1557540e-02
  -7.2989087e-01  -1.0527877e+00  -4.7155754e-01
  -1.3598909e+00  -5.3278770e-01   8.4424603e-03
  -1.0998909e+00  -7.9278770e-01  -4.2155754e-01
   1.7010913e-01   5.9721230e-01   5.8844246e-01
   1.9010913e-01  -5.0278770e-01   2.0844246e-01
  -3.3989087e-01   9.5721230e-01   6.5844246e-01
  -1.1989087e-01  -2.7278770e-01   2.7844246e-01
   6.2010913e-01   7.7212302e-02  -4.1155754e-01
   2.0109127e-02  -9.0278770e-01  -2.0155754e-01
  -9.1989087e-01  -7.7278770e-01  -5.1557540e-02
  -7.0989087e-01  -1.0727877e+00  -4.7155754e-01
  -1.3398909e+00  -5.8278770e-01   8.4424603e-03
  -1.0798909e+00  -8.4278770e-01  -4.1155754e-01
   1.9010913e-01   6.0721230e-01   5.8844246e-01
   2.1010913e-01  -4.6278770e-01   2.0844246e-01
  -3.1989087e-01   9.2721230e-01   6.5844246e-01
  -9.9890873e-02  -2.8278770e-01   2.7844246e-01
   7.0010913e-01   1.9721230e-01  -4.3155754e-01
   9.0109127e-02  -7.4278770e-01  -2.2155754e-01
  -3.9989087e-01  -9.0278770e-01  -1.2155754e-01
  -8.5989087e-01  -8.0278770e-01  -5.1557540e-02
  -2.3989087e-01  -1.0627877e+00  -5.5155754e-01
  -6.4989087e-01  -1.0627877e+00  -4.7155754e-01
  -1.2798909e+00  -6.6278770e-01   1.8442460e-02
  -1.0298909e+00  -8.9278770e-01  -4.1155754e-01
  -1.5798909e+00  -3.6278770e-01  -4.1155754e-01
   2.5010913e-01   5.7721230e-01   5.8844246e-01
   2.8010913e-01  -3.8278770e-01   1.9844246e-01
  -2.5989087e-01   8.7721230e-01   6.6844246e-01
  -3.9890873e-02  -3.1278770e-01   2.7844246e-01
   7.3010913e-01   2.5721230e-01  -4.4155754e-01
   1.2010913e-01  -6.5278770e-01  -2.4155754e-01
  -3.8989087e-01  -1.0527877e+00  -1.0155754e-01
  -8.3989087e-01  -8.0278770e-01  -5.1557540e-02
  -2.1989087e-01  -1.0527877e+00  -5.5155754e-01
  -6.3989087e-01  -1.0827877e+00  -4.7155754e-01
  -1.2598909e+00  -6.8278770e-01   1.8442460e-02
  -1.0098909e+00  -9.0278770e-01  -4.1155754e-01
  -1.5598909e+00  -3.3278770e-01  -4.1155754e-01
   2.7010913e-01   5.7721230e-01   5.8844246e-01
   3.1010913e-01  -3.4278770e-01   1.8844246e-01
  -2.3989087e-01   8.4721230e-01   6.6844246e-01
  -1.9890873e-02  -3.0278770e-01   2.7844246e-01
   7.6010913e-01   2.8721230e-01  -4.4155754e-01
   1.5010913e-01  -6.2278770e-01  -2.4155754e-01
  -8.1989087e-01  -8.2278770e-01  -5.1557540e-02
  -1.9989087e-01  -1.0627877e+00  -5.5155754e-01
  -6.1989087e-01  -1.1127877e+00  -4.6155754e-01
  -9.8989087e-01  -9.2278770e-01  -4.0155754e-01
  -1.5398909e+00  -4.8278770e-01  -3.9155754e-01
   3.0010913e-01   6.1721230e-01   5.8844246e-01
   9.9010913e-01   5.2721230e-01   2.8442460e-02
   3.3010913e-01  -2.9278770e-01   1.8844246e-01
  -2.1989087e-01   8.2721230e-01   6.6844246e-01
   1.0912698e-04  -3.2278770e-01   2.7844246e-01
   8.4010913e-01   4.2721230e-01  -4.6155754e-01
   2.1010913e-01  -5.6278770e-01  -2.5155754e-01
  -3.0989087e-01  -1.0827877e+00  -1.0155754e-01
  -7.6989087e-01  -8.9278770e-01  -4.1557540e-02
  -1.4989087e-01  -1.0827877e+00  -5.5155754e-01
  -5.6989087e-01  -1.1327877e+00  -4.6155754e-01
  -9.3989087e-01  -9.6278770e-01  -4.0155754e-01
   3.6010913e-01   5.7721230e-01   5.8844246e-01
   4.0010913e-01  -2.0278770e-01   1.7844246e-01
  -1.5989087e-01   7.6721230e-01   6.6844246e-01
   6.0109127e-02  -3.2278770e-01   2.7844246e-01
   8.7010913e-01   4.6721230e-01  -4.7155754e-01
   2.5010913e-01  -4.2278770e-01  -2.7155754e-01
  -2.9989087e-01  -1.2027877e+00  -9.1557540e-02
  -7.4989087e-01  -8.7278770e-01  -4.1557540e-02
  -1.2989087e-01  -1.0727877e+00  -5.5155754e-01
  -5.4989087e-01  -1.1327877e+00  -4.6155754e-01
  -1.1598909e+00  -7.8278770e-01   2.8442460e-02
  -9.1989087e-01  -1.0027877e+00  -3.9155754e-01
   3.8010913e-01   5.6721230e-01   5.8844246e-01
   4.4010913e-01  -1.2278770e-01   1.6844246e-01
  -1.2989087e-01   7.7721230e-01   6.6844246e-01
   8.0109127e-02  -3.3278770e-01   2.7844246e-01
   9.1010913e-01   5.7721230e-01  -4.9155754e-01
   2.7010913e-01  -4.1278770e-01  -2.7155754e-01
  -7.2989087e-01  -9.3278770e-01  -4.1557540e-02
  -1.0989087e-01  -1.0227877e+00  -5.6155754e-01
  -5.2989087e-01  -1.1427877e+00  -4.6155754e-01
  -1.1398909e+00  -8.2278770e-01   3.8442460e-02
  -8.9989087e-01  -1.0227877e+00  -3.9155754e-01
   4.0010913e-01   5.6721230e-01   5.8844246e-01
   4.6010913e-01  -7.2787698e-02   1.6844246e-01
  -1.0989087e-01   7.5721230e-01   6.6844246e-01
  -3.6989087e-01   1.4472123e+00   2.0844246e-01
   3.4010913e-01  -3.3278770e-01  -2.8155754e-01
  -2.2989087e-01  -1.2127877e+00  -9.1557540e-02
  -6.7989087e-01  -9.3278770e-01  -4.1557540e-02
  -5.9890873e-02  -1.0827877e+00  -5.5155754e-01
  -4.6989087e-01  -1.0727877e+00  -4.7155754e-01
  -1.0898909e+00  -8.2278770e-01   3.8442460e-02
  -8.3989087e-01  -1.0427877e+00  -3.9155754e-01
  -1.3798909e+00  -6.4278770e-01  -3.7155754e-01
   4.6010913e-01   5.3721230e-01   5.8844246e-01
   5.4010913e-01   7.2123016e-03   1.5844246e-01
  -4.9890873e-02   7.0721230e-01   6.6844246e-01
  -2.9989087e-01   1.4872123e+00   2.0844246e-01
   3.7010913e-01  -2.7278770e-01  -2.9155754e-01
  -2.0989087e-01  -1.2127877e+00  -9.1557540e-02
  -6.5989087e-01  -1.0027877e+00  -3.1557540e-02
  -4.5989087e-01  -1.1527877e+00  -4.6155754e-01
  -1.0698909e+00  -8.4278770e-01   3.8442460e-02
  -8.1989087e-01  -1.0327877e+00  -3.9155754e-01
  -1.3598909e+00  -6.4278770e-01  -3.7155754e-01
   4.8010913e-01   5.3721230e-01   5.8844246e-01
   5.7010913e-01   6.7212302e-02   1.5844246e-01
  -2.9890873e-02   6.9721230e-01   6.6844246e-01
  -2.6989087e-01   1.5772123e+00   1.9844246e-01
   4.0010913e-01  -2.2278770e-01  -2.9155754e-01
  -1.8989087e-01  -1.2027877e+00  -9.1557540e-02
  -1.9890873e-02  -1.0927877e+00  -5.5155754e-01
  -4.3989087e-01  -1.1527877e+00  -4.6155754e-01
  -1.0498909e+00  -9.3278770e-01   4.8442460e-02
  -1.4998909e+00  -2.4278770e-01   5.8442460e-02
  -7.9989087e-01  -9.4278770e-01  -4.0155754e-01
   5.9010913e-01   1.0721230e-01   1.4844246e-01
  -9.8908730e-03   6.6721230e-01   6.6844246e-01
  -2.4989087e-01   1.5672123e+00   1.9844246e-01
   4.7010913e-01  -1.0278770e-01  -3.1155754e-01
  -1.2989087e-01  -1.1327877e+00  -1.0155754e-01
  -3.7989087e-01  -1.1627877e+00  -4.6155754e-01
  -1.4398909e+00  -3.0278770e-01   6.8442460e-02
  -1.2898909e+00  -7.4278770e-01  -3.6155754e-01
   5.4010913e-01   3.3721230e-01   5.9844246e-01
   1.4101091e+00   1.3072123e+00  -5.1557540e-02
   6.7010913e-01   2.2721230e-01   1.3844246e-01
   5.0109127e-02   6.3721230e-01   6.6844246e-01
  -7.8989087e-01   7.0721230e-01   3.4844246e-01
   5.0010913e-01  -5.2787698e-02  -3.2155754e-01
  -1.0989087e-01  -1.1127877e+00  -1.0155754e-01
  -3.5989087e-01  -1.1627877e+00  -4.6155754e-01
  -9.7989087e-01  -9.8278770e-01   4.8442460e-02
  -1.4198909e+00  -4.0278770e-01   7.8442460e-02
  -1.2698909e+00  -8.2278770e-01  -3.5155754e-01
   5.7010913e-01   3.6721230e-01   5.9844246e-01
   1.4501091e+00   1.3572123e+00  -6.1557540e-02
   7.1010913e-01   2.9721230e-01   1.2844246e-01
   7.0109127e-02   6.3721230e-01   6.6844246e-01
  -1.4989087e-01   1.6872123e+00   1.8844246e-01
  -7.6989087e-01   7.2721230e-01   3.4844246e-01
   5.3010913e-01   7.2123016e-03  -3.2155754e-01
  -8.9890873e-02  -1.0527877e+00  -1.1155754e-01
  -5.4989087e-01  -1.0227877e+00  -3.1557540e-02
   1.0010913e-01  -8.9278770e-01  -5.9155754e-01
  -3.3989087e-01  -1.1527877e+00  -4.6155754e-01
  -9.5989087e-01  -9.8278770e-01   4.8442460e-02
  -1.3998909e+00  -4.2278770e-01   7.8442460e-02
  -7.0989087e-01  -1.0127877e+00  -3.9155754e-01
  -1.2498909e+00  -9.0278770e-01  -3.3155754e-01
   5.9010913e-01   4.0721230e-01   5.9844246e-01
   1.4801091e+00   1.3872123e+00  -6.1557540e-02
   7.3010913e-01   3.4721230e-01   1.2844246e-01
   9.0109127e-02   6.3721230e-01   6.6844246e-01
  -1.3989087e-01   1.5872123e+00   1.9844246e-01
  -7.4989087e-01   6.9721230e-01   3.4844246e-01
   6.1010913e-01   1.2721230e-01  -3.4155754e-01
  -2.9890873e-02  -1.0327877e+00  -1.1155754e-01
  -2.8989087e-01  -1.1527877e+00  -4.6155754e-01
  -8.9989087e-01  -9.9278770e-01   4.8442460e-02
  -1.3398909e+00  -3.1278770e-01   6.8442460e-02
  -6.4989087e-01  -9.6278770e-01  -4.0155754e-01
  -1.1898909e+00  -9.4278770e-01  -3.3155754e-01
   1.5701091e+00   1.5272123e+00  -7.1557540e-02
   8.2010913e-01   4.7721230e-01   1.1844246e-01
   1.5010913e-01   6.0721230e-01   6.6844246e-01
  -6.9890873e-02   1.5772123e+00   1.9844246e-01
  -6.7989087e-01   7.6721230e-01   3.4844246e-01
   6.4010913e-01   2.0721230e-01  -3.5155754e-01
   1.0912698e-04  -9.4278770e-01  -1.2155754e-01
  -2.6989087e-01  -1.1727877e+00  -4.6155754e-01
  -8.7989087e-01  -9.3278770e-01   3.8442460e-02
  -6.2989087e-01  -8.4278770e-01  -4.2155754e-01
  -1.1698909e+00  -9.6278770e-01  -3.3155754e-01
   1.6101091e+00   1.5772123e+00  -8.1557540e-02
   8.5010913e-01   5.1721230e-01   1.0844246e-01
   1.7010913e-01   5.9721230e-01   6.6844246e-01
  -4.9890873e-02   1.5572123e+00   1.9844246e-01
   6.9010913e-01   2.5721230e-01  -3.6155754e-01
   5.0109127e-02  -8.8278770e-01  -1.3155754e-01
  -4.2989087e-01  -9.2278770e-01  -4.1557540e-02
  -2.2989087e-01  -1.0827877e+00  -4.7155754e-01
  -8.3989087e-01  -9.2278770e-01   3.8442460e-02
  -1.2798909e+00  -6.0278770e-01   8.8442460e-02
  -5.8989087e-01  -9.0278770e-01  -4.1155754e-01
  -1.1398909e+00  -9.9278770e-01  -3.2155754e-01
   1.6701091e+00   1.6672123e+00  -9.1557540e-02
   9.0010913e-01   6.0721230e-01   9.8442460e-02
   2.1010913e-01   5.6721230e-01   6.7844246e-01
   1.0912698e-04   1.5272123e+00   1.9844246e-01
   7.6010913e-01   3.9721230e-01  -3.8155754e-01
  -8.0989087e-01  -9.8278770e-01   4.8442460e-02
  -1.2398909e+00  -7.3278770e-01   1.0844246e-01
  -5.5989087e-01  -1.0127877e+00  -4.0155754e-01
  -1.0998909e+00  -1.0127877e+00  -3.2155754e-01
   1.7601091e+00   1.8472123e+00  -1.1155754e-01
   9.6010913e-01   6.7721230e-01   9.8442460e-02
   2.6010913e-01   5.5721230e-01   6.7844246e-01
   4.0109127e-02   1.5172123e+00   1.9844246e-01
   7.9010913e-01   4.6721230e-01  -3.9155754e-01
   1.1010913e-01  -7.7278770e-01  -1.4155754e-01
  -3.7989087e-01  -9.7278770e-01  -4.1557540e-02
  -1.6989087e-01  -1.1127877e+00  -4.7155754e-01
  -7.8989087e-01  -1.0027877e+00   4.8442460e-02
  -5.4989087e-01  -1.1427877e+00  -3.8155754e-01
  -1.0798909e+00  -1.0127877e+00  -3.2155754e-01
   1.7701091e+00   1.8272123e+00  -1.1155754e-01
   9.9010913e-01   7.3721230e-01   8.8442460e-02
   2.8010913e-01   5.3721230e-01   6.7844246e-01
  -1.7989087e-01   1.3372123e+00   7.2844246e-01
   6.0109127e-02   1.4972123e+00   1.9844246e-01
   8.4010913e-01   5.2721230e-01  -3.9155754e-01
   1.6010913e-01  -7.2278770e-01  -1.5155754e-01
  -1.2989087e-01  -1.1027877e+00  -4.7155754e-01
  -7.4989087e-01  -1.0127877e+00   4.8442460e-02
  -1.1798909e+00  -7.6278770e-01   1.0844246e-01
  -5.0989087e-01  -1.0727877e+00  -3.9155754e-01
  -1.0398909e+00  -1.0327877e+00  -3.2155754e-01
   1.8301091e+00   1.8672123e+00  -1.1155754e-01
   1.0501091e+00   7.8721230e-01   8.8442460e-02
   3.2010913e-01   5.3721230e-01   6.7844246e-01
  -1.2989087e-01   1.3872123e+00   7.2844246e-01
   1.0010913e-01   1.4572123e+00   2.0844246e-01
   9.1010913e-01   6.7721230e-01  -4.1155754e-01
   2.2010913e-01  -5.4278770e-01  -1.7155754e-01
  -8.9890873e-02  -1.0127877e+00  -4.9155754e-01
  -7.0989087e-01  -1.0027877e+00   4.8442460e-02
  -1.1498909e+00  -8.0278770e-01   1.0844246e-01
  -4.5989087e-01  -9.3278770e-01  -4.1155754e-01
  -1.0098909e+00  -1.1027877e+00  -3.1155754e-01
   1.9401091e+00   2.1672123e+00  -1.4155754e-01
   1.1101091e+00   9.0721230e-01   7.8442460e-02
   3.6010913e-01   4.9721230e-01   6.7844246e-01
  -8.9890873e-02   1.3372123e+00   7.2844246e-01
   5.8010913e-01  -1.5278770e-01   2.5844246e-01
   9.6010913e-01   7.3721230e-01  -4.2155754e-01
   2.7010913e-01  -4.4278770e-01  -1.8155754e-01
  -3.9890873e-02  -9.7278770e-01  -4.9155754e-01
  -6.7989087e-01  -9.8278770e-01   4.8442460e-02
  -4.1989087e-01  -8.5278770e-01  -4.2155754e-01
  -9.6989087e-01  -1.1027877e+00  -3.1155754e-01
   1.7701091e+00   2.2372123e+00   3.9844246e-01
   2.0201091e+00   2.3172123e+00  -1.6155754e-01
   1.1701091e+00   9.6721230e-01   6.8442460e-02
   3.9010913e-01   3.8721230e-01   6.7844246e-01
  -3.9890873e-02   1.3972123e+00   7.2844246e-01
   6.5010913e-01   4.7212302e-02   2.3844246e-01
   5.0109127e-02   7.7212302e-02   3.0844246e-01
  -3.8989087e-01   1.4672123e+00   2.9844246e-01
   9.9010913e-01   7.8721230e-01  -4.3155754e-01
   2.9010913e-01  -4.6278770e-01  -1.8155754e-01
  -2.5989087e-01  -1.0927877e+00  -3.1557540e-02
  -1.9890873e-02  -9.6278770e-01  -5.0155754e-01
  -6.5989087e-01  -1.0027877e+00   4.8442460e-02
  -1.0898909e+00  -7.6278770e-01   1.0844246e-01
  -3.8989087e-01  -7.5278770e-01  -4.3155754e-01
  -9.4989087e-01  -1.0427877e+00  -3.2155754e-01
   1.8001091e+00   2.2672123e+00   3.9844246e-01
   1.2001091e+00   1.0572123e+00   5.8442460e-02
   4.2010913e-01   5.0721230e-01   6.7844246e-01
  -1.9890873e-02   1.3472123e+00   7.2844246e-01
   6.5010913e-01  -1.1278770e-01   2.5844246e-01
  -3.5989087e-01   1.4472123e+00   2.9844246e-01
   1.0601091e+00   9.1721230e-01  -4.5155754e-01
   3.3010913e-01  -4.2278770e-01  -1.9155754e-01
  -2.1989087e-01  -1.1127877e+00  -2.1557540e-02
   2.0109127e-02  -8.7278770e-01  -5.1155754e-01
  -6.2989087e-01  -1.1127877e+00   5.8442460e-02
  -1.0498909e+00  -7.5278770e-01   1.0844246e-01
   1.2701091e+00   1.1472123e+00   4.8442460e-02
   4.7010913e-01   5.1721230e-01   6.7844246e-01
   2.0109127e-02   1.2772123e+00   7.2844246e-01
  -3.1989087e-01   1.4472123e+00   2.9844246e-01
   1.1101091e+00   9.6721230e-01  -4.5155754e-01
   3.8010913e-01  -3.6278770e-01  -2.0155754e-01
  -1.7989087e-01  -1.0427877e+00  -3.1557540e-02
   8.0109127e-02  -7.5278770e-01  -5.3155754e-01
  -5.8989087e-01  -1.0927877e+00   5.8442460e-02
  -1.0098909e+00  -7.9278770e-01   1.0844246e-01
  -3.4989087e-01  -1.1927877e+00  -3.7155754e-01
   1.3201091e+00   1.2172123e+00   3.8442460e-02
   5.1010913e-01   4.9721230e-01   6.7844246e-01
   6.0109127e-02   1.2372123e+00   7.2844246e-01
   7.3010913e-01  -1.6278770e-01   2.5844246e-01
  -2.6989087e-01   1.4472123e+00   2.9844246e-01
   1.1401091e+00   1.0172123e+00  -4.6155754e-01
   4.0010913e-01  -3.6278770e-01  -2.0155754e-01
  -1.4989087e-01  -9.4278770e-01  -4.1557540e-02
   1.0010913e-01  -7.0278770e-01  -5.4155754e-01
  -5.6989087e-01  -1.0827877e+00   5.8442460e-02
  -9.8989087e-01  -8.1278770e-01   1.0844246e-01
  -3.2989087e-01  -1.2027877e+00  -3.7155754e-01
  -8.5989087e-01  -1.0927877e+00  -3.1155754e-01
   1.2101091e+00   1.3472123e+00   5.3844246e-01
   1.3601091e+00   1.2772123e+00   3.8442460e-02
   5.3010913e-01   4.8721230e-01   6.7844246e-01
   8.0109127e-02   1.2072123e+00   7.2844246e-01
   7.5010913e-01  -1.7278770e-01   2.5844246e-01
  -2.4989087e-01   1.4972123e+00   2.8844246e-01
   1.2201091e+00   1.1872123e+00  -4.8155754e-01
   4.6010913e-01  -1.9278770e-01  -2.2155754e-01
  -1.0989087e-01  -9.4278770e-01  -4.1557540e-02
  -5.2989087e-01  -1.0527877e+00   4.8442460e-02
  -9.5989087e-01  -8.5278770e-01   1.1844246e-01
  -2.8989087e-01  -1.1027877e+00  -3.9155754e-01
  -8.1989087e-01  -1.1027877e+00  -3.1155754e-01
   1.4301091e+00   1.4272123e+00   2.8442460e-02
   5.7010913e-01   4.8721230e-01   6.6844246e-01
   1.2010913e-01   1.1472123e+00   7.2844246e-01
   1.2801091e+00   1.2472123e+00  -4.9155754e-01
   5.1010913e-01  -1.4278770e-01  -2.2155754e-01
  -6.9890873e-02  -9.3278770e-01  -5.1557540e-02
  -4.8989087e-01  -1.0027877e+00   4.8442460e-02
  -9.1989087e-01  -8.3278770e-01   1.0844246e-01
  -2.4989087e-01  -1.1127877e+00  -3.9155754e-01
  -7.7989087e-01  -1.0827877e+00  -3.2155754e-01
   1.3401091e+00   1.5572123e+00   5.2844246e-01
   1.4901091e+00   1.4772123e+00   1.8442460e-02
   6.2010913e-01   5.3721230e-01   6.6844246e-01
   1.6010913e-01   1.1372123e+00   7.2844246e-01
   3.4010913e-01   7.6721230e-01   2.4844246e-01
  -7.3989087e-01   8.0721230e-01   4.5844246e-01
   1.3201091e+00   1.3472123e+00  -5.0155754e-01
   5.4010913e-01  -5.2787698e-02  -2.3155754e-01
  -4.9890873e-02  -8.9278770e-01  -5.1557540e-02
  -4.6989087e-01  -1.0727877e+00   5.8442460e-02
  -8.9989087e-01  -8.2278770e-01   1.0844246e-01
  -7.6989087e-01  -1.1227877e+00  -3.1155754e-01
   1.5301091e+00   1.5772123e+00   8.4424603e-03
   6.5010913e-01   5.7721230e-01   6.6844246e-01
   1.8010913e-01   1.1072123e+00   7.3844246e-01
   3.7010913e-01   8.5721230e-01   2.4844246e-01
  -7.1989087e-01   8.3721230e-01   4.4844246e-01
   1.4101091e+00   1.4672123e+00  -5.2155754e-01
   6.2010913e-01   5.7212302e-02  -2.5155754e-01
   3.0109127e-02  -7.4278770e-01  -7.1557540e-02
   2.8010913e-01  -5.1278770e-01  -5.7155754e-01
  -4.1989087e-01  -1.0727877e+00   5.8442460e-02
  -8.3989087e-01  -8.8278770e-01   1.1844246e-01
  -1.8989087e-01  -1.2527877e+00  -3.7155754e-01
  -7.0989087e-01  -1.1427877e+00  -3.1155754e-01
   1.6401091e+00   1.7372123e+00  -1.1557540e-02
   7.2010913e-01   6.5721230e-01   6.6844246e-01
   2.4010913e-01   1.0672123e+00   7.3844246e-01
   1.0401091e+00   6.0721230e-01   1.8844246e-01
   3.8010913e-01   3.9721230e-01   2.7844246e-01
  -6.4989087e-01   8.6721230e-01   4.4844246e-01
   1.4301091e+00   1.4672123e+00  -5.2155754e-01
   6.5010913e-01   1.1721230e-01  -2.6155754e-01
   6.0109127e-02  -6.1278770e-01  -8.1557540e-02
  -3.9989087e-01  -1.0727877e+00   4.8442460e-02
  -8.1989087e-01  -8.8278770e-01   1.1844246e-01
  -1.6989087e-01  -1.2427877e+00  -3.7155754e-01
  -6.8989087e-01  -1.1427877e+00  -3.1155754e-01
   1.6701091e+00   1.7872123e+00  -1.1557540e-02
   7.5010913e-01   6.7721230e-01   6.5844246e-01
   2.6010913e-01   1.0472123e+00   7.3844246e-01
   4.0010913e-01   4.0721230e-01   2.7844246e-01
   1.4601091e+00   1.4672123e+00  -5.2155754e-01
   6.8010913e-01   2.0721230e-01  -2.7155754e-01
   8.0109127e-02  -6.1278770e-01  -8.1557540e-02
  -3.7989087e-01  -1.1027877e+00   5.8442460e-02
  -8.0989087e-01  -9.0278770e-01   1.1844246e-01
  -1.4989087e-01  -1.2627877e+00  -3.7155754e-01
  -6.7989087e-01  -1.1627877e+00  -3.0155754e-01
   1.7201091e+00   1.8972123e+00  -2.1557540e-02
   7.8010913e-01   7.3721230e-01   6.5844246e-01
   2.8010913e-01   1.0472123e+00   7.3844246e-01
   1.0801091e+00   5.5721230e-01   1.9844246e-01
   1.5801091e+00   1.7572123e+00  -5.6155754e-01
   7.6010913e-01   3.1721230e-01  -2.8155754e-01
   1.7010913e-01  -3.7278770e-01  -1.1155754e-01
  -3.2989087e-01  -1.0827877e+00   4.8442460e-02
  -7.4989087e-01  -9.2278770e-01   1.1844246e-01
  -8.9890873e-02  -1.2227877e+00  -3.7155754e-01
  -6.1989087e-01  -1.1827877e+00  -3.0155754e-01
   1.8201091e+00   2.0672123e+00  -4.1557540e-02
   3.5010913e-01   1.0172123e+00   7.3844246e-01
   1.1601091e+00   6.5721230e-01   1.8844246e-01
   4.3010913e-01  -6.2787698e-02   3.0844246e-01
   1.5901091e+00   1.6572123e+00  -5.5155754e-01
   7.9010913e-01   3.6721230e-01  -2.9155754e-01
   1.9010913e-01  -3.7278770e-01  -1.1155754e-01
  -2.9989087e-01  -1.0027877e+00   4.8442460e-02
  -7.2989087e-01  -8.9278770e-01   1.1844246e-01
  -6.9890873e-02  -1.1627877e+00  -3.8155754e-01
  -5.9989087e-01  -1.1727877e+00  -3.0155754e-01
   1.6901091e+00   2.1472123e+00   4.9844246e-01
   1.8701091e+00   2.1672123e+00  -5.1557540e-02
   3.7010913e-01   9.9721230e-01   7.3844246e-01
   4.6010913e-01   1.7212302e-02   3.0844246e-01
   8.2010913e-01   4.3721230e-01  -3.0155754e-01
   2.0010913e-01  -3.9278770e-01  -1.1155754e-01
  -2.8989087e-01  -1.0627877e+00   4.8442460e-02
  -7.0989087e-01  -9.1278770e-01   1.1844246e-01
  -4.9890873e-02  -1.1627877e+00  -3.8155754e-01
  -5.8989087e-01  -1.2127877e+00  -3.0155754e-01
   1.7401091e+00   2.2272123e+00   4.8844246e-01
   1.9201091e+00   2.2972123e+00  -6.1557540e-02
   3.9010913e-01   9.9721230e-01   7.3844246e-01
   4.8010913e-01   2.7212302e-02   3.0844246e-01
   1.5010913e-01   2.0872123e+00   2.4844246e-01
   9.1010913e-01   5.6721230e-01  -3.1155754e-01
   2.6010913e-01  -4.4278770e-01  -1.1155754e-01
  -2.2989087e-01  -1.0927877e+00   4.8442460e-02
  -6.4989087e-01  -8.9278770e-01   1.1844246e-01
   2.0109127e-02  -1.0927877e+00  -3.9155754e-01
  -5.2989087e-01  -1.2127877e+00  -3.0155754e-01
   4.5010913e-01   9.6721230e-01   7.3844246e-01
   5.4010913e-01  -1.2787698e-02   3.0844246e-01
   2.2010913e-01   2.0872123e+00   2.4844246e-01
  -3.9989087e-01   1.5372123e+00   4.0844246e-01
   9.4010913e-01   6.2721230e-01  -3.2155754e-01
   2.9010913e-01  -3.5278770e-01  -1.2155754e-01
  -2.0989087e-01  -1.1027877e+00   4.8442460e-02
  -6.3989087e-01  -9.1278770e-01   1.1844246e-01
   4.0109127e-02  -1.0727877e+00  -4.0155754e-01
  -5.0989087e-01  -1.2327877e+00  -3.0155754e-01
   4.7010913e-01   9.6721230e-01   7.3844246e-01
   5.5010913e-01  -6.2787698e-02   3.0844246e-01
   2.4010913e-01   2.0972123e+00   2.4844246e-01
  -3.6989087e-01   1.5072123e+00   4.0844246e-01
   9.7010913e-01   6.8721230e-01  -3.3155754e-01
   3.2010913e-01  -2.9278770e-01  -1.2155754e-01
  -6.1989087e-01  -9.2278770e-01   1.1844246e-01
   6.0109127e-02  -1.0427877e+00  -4.0155754e-01
  -4.8989087e-01  -1.2227877e+00  -3.0155754e-01
   4.9010913e-01   9.5721230e-01   7.3844246e-01
   5.7010913e-01  -7.2787698e-02   3.0844246e-01
   2.6010913e-01   2.0572123e+00   2.4844246e-01
  -3.4989087e-01   1.4872123e+00   4.0844246e-01
   1.0601091e+00   8.1721230e-01  -3.5155754e-01
   3.9010913e-01  -2.3278770e-01  -1.3155754e-01
  -5.5989087e-01  -9.5278770e-01   1.1844246e-01
   1.2010913e-01  -1.0227877e+00  -4.1155754e-01
  -4.3989087e-01  -1.2327877e+00  -3.0155754e-01
   5.6010913e-01   9.3721230e-01   7.3844246e-01
   6.3010913e-01  -8.2787698e-02   3.0844246e-01
   3.3010913e-01   2.0272123e+00   2.4844246e-01
  -2.7989087e-01   1.5572123e+00   4.0844246e-01
   1.0901091e+00   8.8721230e-01  -3.6155754e-01
   4.2010913e-01  -1.6278770e-01  -1.4155754e-01
  -1.1989087e-01  -1.0927877e+00   4.8442460e-02
  -5.4989087e-01  -9.6278770e-01   1.1844246e-01
   1.5010913e-01  -9.0278770e-01  -4.2155754e-01
  -4.1989087e-01  -1.2427877e+00  -3.0155754e-01
   5.8010913e-01   9.4721230e-01   7.3844246e-01
   1.5101091e+00   1.2272123e+00   1.3844246e-01
   6.5010913e-01  -8.2787698e-02   3.0844246e-01
   3.6010913e-01   2.0372123e+00   2.4844246e-01
   1.1301091e+00   9.5721230e-01  -3.6155754e-01
   4.4010913e-01  -1.3278770e-01  -1.4155754e-01
  -9.9890873e-02  -1.0527877e+00   4.8442460e-02
  -5.2989087e-01  -9.6278770e-01   1.1844246e-01
   1.7010913e-01  -8.8278770e-01  -4.3155754e-01
  -3.9989087e-01  -1.2427877e+00  -3.0155754e-01
   6.0010913e-01   8.8721230e-01   7.3844246e-01
   3.8010913e-01   2.0072123e+00   2.4844246e-01
   1.2201091e+00   1.0972123e+00  -3.8155754e-01
   5.2010913e-01  -2.2787698e-02  -1.6155754e-01
  -3.9890873e-02  -9.9278770e-01   3.8442460e-02
  -4.6989087e-01  -9.3278770e-01   1.1844246e-01
   2.5010913e-01  -7.4278770e-01  -4.5155754e-01
  -3.4989087e-01  -1.2327877e+00  -3.0155754e-01
   6.7010913e-01   9.0721230e-01   7.3844246e-01
   1.6401091e+00   1.4372123e+00   1.1844246e-01
   4.5010913e-01   1.9872123e+00   2.4844246e-01
   1.2601091e+00   1.1872123e+00  -3.9155754e-01
   5.5010913e-01   5.7212302e-02  -1.7155754e-01
  -9.8908730e-03  -9.7278770e-01   3.8442460e-02
  -4.4989087e-01  -9.6278770e-01   1.1844246e-01
   2.7010913e-01  -6.8278770e-01  -4.6155754e-01
  -3.2989087e-01  -1.2327877e+00  -3.0155754e-01
   6.9010913e-01   9.3721230e-01   7.3844246e-01
   1.6901091e+00   1.5672123e+00   1.0844246e-01
   4.7010913e-01   1.9772123e+00   2.4844246e-01
   1.3201091e+00   1.2472123e+00  -4.0155754e-01
   6.0010913e-01   1.3721230e-01  -1.8155754e-01
   3.0109127e-02  -9.4278770e-01   2.8442460e-02
  -4.0989087e-01  -9.4278770e-01   1.1844246e-01
   3.1010913e-01  -6.7278770e-01  -4.6155754e-01
  -2.8989087e-01  -1.2427877e+00  -3.0155754e-01
   7.3010913e-01   9.2721230e-01   7.3844246e-01
   5.1010913e-01   1.8872123e+00   2.5844246e-01
  -9.9890873e-02   1.5072123e+00   4.0844246e-01
   1.3801091e+00   1.3772123e+00  -4.2155754e-01
   6.6010913e-01   2.5721230e-01  -1.9155754e-01
   7.0109127e-02  -8.8278770e-01   2.8442460e-02
  -3.6989087e-01  -9.4278770e-01   1.1844246e-01
   3.6010913e-01  -5.9278770e-01  -4.7155754e-01
  -2.4989087e-01  -1.2227877e+00  -3.0155754e-01
   1.5001091e+00   1.9072123e+00   5.9844246e-01
   7.9010913e-01   9.7721230e-01   7.2844246e-01
   9.7010913e-01   7.1721230e-01   2.4844246e-01
   4.1010913e-01   6.4721230e-01   3.3844246e-01
  -5.9890873e-02   1.4272123e+00   4.0844246e-01
   1.4101091e+00   1.3972123e+00  -4.2155754e-01
   6.9010913e-01   3.1721230e-01  -2.0155754e-01
   9.0109127e-02  -8.5278770e-01   1.8442460e-02
  -3.4989087e-01  -9.0278770e-01   1.1844246e-01
   3.9010913e-01  -5.3278770e-01  -4.8155754e-01
  -2.2989087e-01  -1.1827877e+00  -3.1155754e-01
   1.5401091e+00   1.9972123e+00   5.9844246e-01
   8.2010913e-01   1.0272123e+00   7.2844246e-01
   1.0001091e+00   7.5721230e-01   2.4844246e-01
   4.3010913e-01   6.4721230e-01   3.3844246e-01
  -3.9890873e-02   1.4372123e+00   4.0844246e-01
   1.4601091e+00   1.4372123e+00  -4.3155754e-01
   7.5010913e-01   3.9721230e-01  -2.1155754e-01
   1.4010913e-01  -8.2278770e-01   1.8442460e-02
  -3.1989087e-01  -9.2278770e-01   1.1844246e-01
   4.5010913e-01  -3.8278770e-01  -5.0155754e-01
  -1.8989087e-01  -1.1727877e+00  -3.1155754e-01
   1.6101091e+00   2.0872123e+00   5.8844246e-01
   8.7010913e-01   1.0672123e+00   7.2844246e-01
   1.0601091e+00   8.3721230e-01   2.3844246e-01
   1.0109127e-02   1.4372123e+00   4.0844246e-01
   1.5401091e+00   1.5972123e+00  -4.5155754e-01
   8.1010913e-01   5.3721230e-01  -2.2155754e-01
   1.8010913e-01  -7.5278770e-01   8.4424603e-03
  -2.7989087e-01  -9.4278770e-01   1.1844246e-01
   5.1010913e-01  -2.3278770e-01  -5.2155754e-01
  -1.4989087e-01  -1.1127877e+00  -3.2155754e-01
   9.3010913e-01   1.1972123e+00   7.1844246e-01
   2.0701091e+00   2.3072123e+00   3.8442460e-02
   1.1201091e+00   9.5721230e-01   2.2844246e-01
   4.2010913e-01  -5.2787698e-02   3.8844246e-01
   5.0109127e-02   1.4172123e+00   4.0844246e-01
   1.6001091e+00   1.6672123e+00  -4.6155754e-01
   8.6010913e-01   5.8721230e-01  -2.3155754e-01
   2.2010913e-01  -7.3278770e-01   8.4424603e-03
  -2.3989087e-01  -9.6278770e-01   1.1844246e-01
  -1.0989087e-01  -1.0727877e+00  -3.3155754e-01
   9.9010913e-01   1.2772123e+00   7.1844246e-01
   2.1301091e+00   2.3472123e+00   3.8442460e-02
   1.1701091e+00   9.9721230e-01   2.2844246e-01
   4.7010913e-01  -3.2787698e-02   3.8844246e-01
   1.6501091e+00   1.7672123e+00  -4.7155754e-01
   8.9010913e-01   6.2721230e-01  -2.4155754e-01
   2.5010913e-01  -6.7278770e-01  -1.5575397e-03
  -2.1989087e-01  -9.7278770e-01   1.1844246e-01
  -8.9890873e-02  -1.0327877e+00  -3.3155754e-01
   1.0201091e+00   1.3072123e+00   7.1844246e-01
   2.1901091e+00   2.5272123e+00   1.8442460e-02
   1.2101091e+00   1.0672123e+00   2.1844246e-01
   2.1010913e-01   2.2972123e+00   3.5844246e-01
   1.7001091e+00   1.8172123e+00  -4.8155754e-01
   9.5010913e-01   7.0721230e-01  -2.5155754e-01
   3.0010913e-01  -5.6278770e-01  -1.1557540e-02
  -1.8989087e-01  -1.0027877e+00   1.1844246e-01
  -3.9890873e-02  -9.8278770e-01  -3.4155754e-01
   1.0901091e+00   1.4472123e+00   7.0844246e-01
   1.2801091e+00   1.1872123e+00   2.0844246e-01
   2.8010913e-01   2.5172123e+00   3.3844246e-01
   1.0001091e+00   7.4721230e-01  -2.5155754e-01
   3.5010913e-01  -5.2278770e-01  -1.1557540e-02
  -1.4989087e-01  -1.0227877e+00   1.1844246e-01
   1.0912698e-04  -9.0278770e-01  -3.5155754e-01
   1.1501091e+00   1.5072123e+00   7.0844246e-01
   1.3301091e+00   1.2472123e+00   1.9844246e-01
   3.2010913e-01   2.4572123e+00   3.4844246e-01
   1.0301091e+00   8.0721230e-01  -2.6155754e-01
   3.7010913e-01  -4.8278770e-01  -2.1557540e-02
  -1.2989087e-01  -9.8278770e-01   1.1844246e-01
   3.0109127e-02  -8.6278770e-01  -3.6155754e-01
   1.1801091e+00   1.5872123e+00   7.0844246e-01
   1.3701091e+00   1.3172123e+00   1.9844246e-01
   3.3010913e-01   2.3072123e+00   3.5844246e-01
   1.1001091e+00   9.2721230e-01  -2.7155754e-01
   4.3010913e-01  -3.6278770e-01  -3.1557540e-02
  -8.9890873e-02  -9.6278770e-01   1.1844246e-01
   8.0109127e-02  -7.4278770e-01  -3.7155754e-01
   1.2501091e+00   1.7172123e+00   6.9844246e-01
   1.4501091e+00   1.4872123e+00   1.7844246e-01
   3.7010913e-01   2.2172123e+00   3.5844246e-01
   1.1601091e+00   1.0272123e+00  -2.9155754e-01
   4.8010913e-01  -2.5278770e-01  -4.1557540e-02
  -4.9890873e-02  -9.1278770e-01   1.0844246e-01
   1.2010913e-01  -7.0278770e-01  -3.8155754e-01
   1.3101091e+00   1.7772123e+00   6.9844246e-01
   1.5101091e+00   1.5372123e+00   1.7844246e-01
   4.1010913e-01   2.1372123e+00   3.6844246e-01
   1.2001091e+00   1.1372123e+00  -3.0155754e-01
   5.1010913e-01  -2.0278770e-01  -5.1557540e-02
  -2.9890873e-02  -8.9278770e-01   1.0844246e-01
   1.5010913e-01  -6.4278770e-01  -3.9155754e-01
   1.3501091e+00   1.8572123e+00   6.8844246e-01
   1.5501091e+00   1.6272123e+00   1.6844246e-01
   4.3010913e-01   2.1372123e+00   3.6844246e-01
   1.3001091e+00   1.3272123e+00  -3.2155754e-01
   5.9010913e-01  -9.2787698e-02  -6.1557540e-02
   4.0109127e-02  -8.5278770e-01   9.8442460e-02
   2.2010913e-01  -5.8278770e-01  -4.0155754e-01
   1.4501091e+00   2.0272123e+00   6.8844246e-01
   1.6401091e+00   1.7472123e+00   1.5844246e-01
   3.3010913e-01   7.0721230e-01   4.4844246e-01
   1.3401091e+00   1.3972123e+00  -3.3155754e-01
   6.2010913e-01  -3.2787698e-02  -7.1557540e-02
   6.0109127e-02  -7.9278770e-01   9.8442460e-02
   2.4010913e-01  -5.1278770e-01  -4.1155754e-01
   1.4901091e+00   2.1072123e+00   6.7844246e-01
   1.6801091e+00   1.8272123e+00   1.5844246e-01
   3.5010913e-01   6.9721230e-01   4.4844246e-01
   1.3701091e+00   1.4472123e+00  -3.4155754e-01
   6.5010913e-01   3.7212302e-02  -8.1557540e-02
   8.0109127e-02  -7.9278770e-01   9.8442460e-02
   2.8010913e-01  -4.0278770e-01  -4.2155754e-01
   1.5201091e+00   2.1072123e+00   6.7844246e-01
   1.7201091e+00   1.9172123e+00   1.4844246e-01
   3.7010913e-01   7.0721230e-01   4.4844246e-01
   1.4701091e+00   1.5672123e+00  -3.5155754e-01
   7.3010913e-01   1.5721230e-01  -9.1557540e-02
   1.5010913e-01  -6.9278770e-01   8.8442460e-02
   3.5010913e-01  -2.8278770e-01  -4.4155754e-01
   1.8301091e+00   2.0572123e+00   1.3844246e-01
   4.4010913e-01   6.9721230e-01   4.4844246e-01
   1.5101091e+00   1.6772123e+00  -3.6155754e-01
   7.5010913e-01   1.9721230e-01  -1.0155754e-01
   1.7010913e-01  -6.6278770e-01   7.8442460e-02
   3.8010913e-01  -2.5278770e-01  -4.5155754e-01
   1.8801091e+00   2.1772123e+00   1.2844246e-01
   1.5401091e+00   1.6872123e+00  -3.7155754e-01
   7.8010913e-01   2.4721230e-01  -1.0155754e-01
   2.0010913e-01  -6.0278770e-01   7.8442460e-02
   4.0010913e-01  -2.0278770e-01  -4.5155754e-01
   1.9101091e+00   2.2272123e+00   1.1844246e-01
   4.1010913e-01   1.3721230e-01   4.8844246e-01
   1.6201091e+00   1.7572123e+00  -3.8155754e-01
   8.6010913e-01   3.6721230e-01  -1.1155754e-01
   2.7010913e-01  -5.2278770e-01   6.8442460e-02
   4.8010913e-01  -8.2787698e-02  -4.7155754e-01
   1.6601091e+00   1.8172123e+00  -3.8155754e-01
   9.0010913e-01   4.2721230e-01  -1.2155754e-01
   3.0010913e-01  -4.7278770e-01   5.8442460e-02
   5.1010913e-01  -6.2787698e-02  -4.7155754e-01
   1.6901091e+00   1.8472123e+00  -3.9155754e-01
   9.2010913e-01   4.5721230e-01  -1.3155754e-01
   3.1010913e-01  -4.7278770e-01   5.8442460e-02
   5.3010913e-01  -1.2787698e-02  -4.8155754e-01
   1.2201091e+00   1.2072123e+00   2.8844246e-01
   1.8101091e+00   2.0772123e+00  -4.1155754e-01
   1.0001091e+00   5.5721230e-01  -1.4155754e-01
   3.9010913e-01  -3.9278770e-01   4.8442460e-02
   6.4010913e-01   2.7721230e-01  -5.2155754e-01
   1.0301091e+00   6.1721230e-01  -1.4155754e-01
   4.2010913e-01  -3.2278770e-01   4.8442460e-02
   1.3501091e+00   1.3872123e+00   2.7844246e-01
   1.0801091e+00   7.3721230e-01  -1.6155754e-01
   4.5010913e-01  -2.5278770e-01   3.8442460e-02
   1.3801091e+00   1.4572123e+00   2.6844246e-01
   1.1601091e+00   8.5721230e-01  -1.7155754e-01
   5.3010913e-01  -1.2278770e-01   2.8442460e-02
   1.4701091e+00   1.5472123e+00   2.6844246e-01
   1.2001091e+00   9.2721230e-01  -1.8155754e-01
   5.5010913e-01  -8.2787698e-02   1.8442460e-02
   1.5001091e+00   1.5872123e+00   2.5844246e-01
   1.2501091e+00   9.7721230e-01  -1.9155754e-01
   6.0010913e-01  -3.2787698e-02   1.8442460e-02
   1.5501091e+00   1.6272123e+00   2.5844246e-01
   1.3201091e+00   1.1072123e+00  -2.0155754e-01
   6.6010913e-01   6.7212302e-02   8.4424603e-03
   1.6201091e+00   1.7172123e+00   2.4844246e-01
   1.3601091e+00   1.2072123e+00  -2.1155754e-01
   6.9010913e-01   1.5721230e-01  -1.5575397e-03
   1.6601091e+00   1.7772123e+00   2.4844246e-01
   1.4201091e+00   1.2572123e+00  -2.2155754e-01
   7.4010913e-01   1.9721230e-01  -1.1557540e-02
   1.7301091e+00   1.8972123e+00   2.3844246e-01
   1.4901091e+00   1.4172123e+00  -2.4155754e-01
   8.0010913e-01   3.0721230e-01  -2.1557540e-02
   1.5601091e+00   1.4972123e+00  -2.5155754e-01
   8.5010913e-01   3.4721230e-01  -2.1557540e-02
   1.9201091e+00   2.3472123e+00   2.0844246e-01
   1.5901091e+00   1.5772123e+00  -2.5155754e-01
   8.8010913e-01   3.9721230e-01  -3.1557540e-02
   1.6801091e+00   1.7472123e+00  -2.7155754e-01
   9.4010913e-01   5.0721230e-01  -4.1557540e-02
   1.7401091e+00   1.8172123e+00  -2.8155754e-01
   9.9010913e-01   5.6721230e-01  -5.1557540e-02
   1.7801091e+00   1.9172123e+00  -2.9155754e-01
   1.0301091e+00   6.4721230e-01  -6.1557540e-02
   1.1001091e+00   7.8721230e-01  -7.1557540e-02
   1.9701091e+00   2.3572123e+00  -3.4155754e-01
   1.1501091e+00   8.6721230e-01  -8.1557540e-02
   1.1801091e+00   8.9721230e-01  -8.1557540e-02
   1.2801091e+00   1.0372123e+00  -1.0155754e-01
   1.5601091e+00   1.8472123e+00   3.6844246e-01
   1.3101091e+00   1.1172123e+00  -1.1155754e-01
   1.6001091e+00   1.9372123e+00   3.5844246e-01
   1.3501091e+00   1.1972123e+00  -1.2155754e-01
   1.4401091e+00   1.2972123e+00  -1.3155754e-01
   1.7601091e+00   2.2272123e+00   3.3844246e-01
   1.4801091e+00   1.3772123e+00  -1.4155754e-01
   1.8001091e+00   2.3272123e+00   3.2844246e-01
   1.5201091e+00   1.4572123e+00  -1.4155754e-01
   1.6201091e+00   1.6272123e+00  -1.6155754e-01
   1.6601091e+00   1.6772123e+00  -1.7155754e-01
   1.7001091e+00   1.7572123e+00  -1.8155754e-01
   1.8001091e+00   1.8972123e+00  -1.9155754e-01
   1.8401091e+00   1.9772123e+00  -2.0155754e-01
   1.8901091e+00   2.0872123e+00  -2.1155754e-01
   2.0101091e+00   2.3372123e+00  -2.4155754e-01
